lon,lat,label,cause,month,year,doy,Elevation,Pop_Density,DistDev,LC_Forest,LC_Shrub,LC_Grass,LC_Pasture,LC_Wetland,LC_Crop,LC_Developed,NDVI,EVI,pr_7,pr_14,pr_30,pr_60,pr_90,pr_180,pr_365,vpd_7,vpd_30,vpd_90,erc_7,erc_30,erc_90,fm100_30,fm100_90,tmmx_7,tmmx_30,tmmx_90,rmin_30,rmin_90,pdsi_0,pdsi_30,pdsi_90,pdsi_180,NightLights,nbhd_dev_500m,nbhd_forest_2km,nbhd_wetland_2km,nbhd_crop_2km,nbhd_wetland_5km,nbhd_pasture_2km,canopy_ht,treecover,canopy_ht_2km,treecover_2km,ndmi,smap_surface,smap_root,lst_day,lst_night,et,pet
-86.9,27.2,0,-1,4,2020,105,0,0.0,1390.2285000315594,,,,,,,,,,,,,,,,,,,,,,,,,,,,,,,,,,0.27000001072883606,,,,,,,0,0,0.0,0.0,,,,,,,
-86.9,27.3,0,-1,4,2020,105,0,0.0,1390.2285000315594,,,,,,,,,,,,,,,,,,,,,,,,,,,,,,,,,,0.28999999165534973,,,,,,,0,0,0.0,0.0,,,,,,,
-86.9,27.4,0,-1,4,2020,105,0,0.0,1390.2285000315594,,,,,,,,,,,,,,,,,,,,,,,,,,,,,,,,,,0.3799999952316284,,,,,,,0,0,0.0,0.0,,,,,,,
-86.9,27.5,0,-1,4,2020,105,0,0.0,1390.2285000315594,,,,,,,,,,,,,,,,,,,,,,,,,,,,,,,,,,0.25,,,,,,,0,0,0.0,0.0,,,,,,,
-86.9,27.6,0,-1,4,2020,105,0,0.0,1390.2285000315594,,,,,,,,,,,,,,,,,,,,,,,,,,,,,,,,,,0.3499999940395355,,,,,,,0,0,0.0,0.0,,,,,,,
-86.9,27.7,0,-1,4,2020,105,0,0.0,1390.2285000315594,,,,,,,,,,,,,,,,,,,,,,,,,,,,,,,,,,0.30000001192092896,,,,,,,0,0,0.0,0.0,,,,,,,
-86.9,27.8,0,-1,4,2020,105,0,0.0,1390.2285000315594,,,,,,,,,,,,,,,,,,,,,,,,,,,,,,,,,,0.28999999165534973,,,,,,,0,0,0.0,0.0,,,,,,,
-86.9,27.9,0,-1,4,2020,105,0,0.0,1390.2285000315594,,,,,,,,,,,,,,,,,,,,,,,,,,,,,,,,,,0.2800000011920929,,,,,,,0,0,0.0,0.0,,,,,,,
-86.9,28.0,0,-1,4,2020,105,0,0.0,71.58320613104725,,,,,,,,,,,,,,,,,,,,,,,,,,,,,,,,,,0.3700000047683716,,,,,,,0,0,0.0,0.0,,,,,,,
-86.9,28.1,0,-1,4,2020,105,0,0.0,69.01947116575147,,,,,,,,,,,,,,,,,,,,,,,,,,,,,,,,,,0.3199999928474426,,,,,,,0,0,0.0,0.0,,,,,,,
-86.9,28.2,0,-1,4,2020,105,0,0.0,66.54000676284906,,,,,,,,,,,,,,,,,,,,,,,,,,,,,,,,,,0.30000001192092896,,,,,,,0,0,0.0,0.0,,,,,,,
-86.9,28.3,0,-1,4,2020,105,0,0.0,64.13132775796863,,,,,,,,,,,,,,,,,,,,,,,,,,,,,,,,,,0.3400000035762787,,,,,,,0,0,0.0,0.0,,,,,,,
-86.9,28.4,0,-1,4,2020,105,0,0.0,61.77966655785705,,,,,,,,,,,,,,,,,,,,,,,,,,,,,,,,,,0.23999999463558197,,,,,,,0,0,0.0,0.0,,,,,,,
-86.9,28.5,0,-1,4,2020,105,0,0.0,59.54008481686938,,,,,,,,,,,,,,,,,,,,,,,,,,,,,,,,,,0.36000001430511475,,,,,,,0,0,0.0,0.0,,,,,,,
-86.9,28.6,0,-1,4,2020,105,0,0.0,57.38313079642832,,,,,,,,,,,,,,,,,,,,,,,,,,,,,,,,,,0.23999999463558197,,,,,,,0,0,0.0,0.0,,,,,,,
-86.9,28.7,0,-1,4,2020,105,0,0.0,54.65365221099135,,,,,,,,,,,,,,,,,,,,,,,,,,,,,,,,,,0.3400000035762787,,,,,,,0,0,0.0,0.0,,,,,,,
-86.9,28.8,0,-1,4,2020,105,0,0.0,51.376372974354666,,,,,,,,,,,,,,,,,,,,,,,,,,,,,,,,,,0.3499999940395355,,,,,,,0,0,0.0,0.0,,,,,,,
-86.9,28.9,0,-1,4,2020,105,0,0.0,48.09654041612556,,,,,,,,,,,,,,,,,,,,,,,,,,,,,,,,,,0.2800000011920929,,,,,,,0,0,0.0,0.0,,,,,,,
-86.9,29.0,0,-1,4,2020,105,0,0.0,44.82209834445505,,,,,,,,,,,,,,,,,,,,,,,,,,,,,,,,,,0.27000001072883606,,,,,,,0,0,0.0,0.0,,,,,,,
-86.9,29.1,0,-1,4,2020,105,0,0.0,41.53371883181182,,,,,,,,,,,,,,,,,,,,,,,,,,,,,,,,,,0.3700000047683716,,,,,,,0,0,0.0,0.0,,,,,,,
-86.9,29.2,0,-1,4,2020,105,0,0.0,38.27202895065794,,,,,,,,,,,,,,,,,,,,,,,,,,,,,,,,,,0.25999999046325684,,,,,,,0,0,0.0,0.0,,,,,,,
-86.9,29.3,0,-1,4,2020,105,0,0.0,35.02813155165431,,,,,,,,,,,,,,,,,,,,,,,,,,,,,,,,,,0.3199999928474426,,,,,,,0,0,0.0,0.0,,,,,,,
-86.9,29.4,0,-1,4,2020,105,0,0.0,31.77239367753081,,,,,,,,,,,,,,,,,,,,,,,,,,,,,,,,,,0.4000000059604645,,,,,,,0,0,0.0,0.0,,,,,,,
-86.9,29.5,0,-1,4,2020,105,0,0.0,28.496920886299275,,,,,,,,,,,,,,,,,,,,,,,,,,,,,,,,,,0.2800000011920929,,,,,,,0,0,0.0,0.0,,,,,,,
-86.9,29.6,0,-1,4,2020,105,0,0.0,25.263580506333618,,,,,,,,,,,,,,,,,,,,,,,,,,,,,,,,,,0.3199999928474426,,,,,,,0,0,0.0,0.0,,,,,,,
-86.9,29.7,0,-1,4,2020,105,0,0.0,21.999390900659048,,,,,,,,,,,,,,,,,,,,,,,,,,,,,,,,,,0.25,,,,,,,0,0,0.0,0.0,,,,,,,
-86.9,29.8,0,-1,4,2020,105,0,0.0,18.756334929831038,,,,,,,,,,,,,,,,,,,,,,,,,,,,,,,,,,0.3400000035762787,,,,,,,0,0,0.0,0.0,,,,,,,
-86.9,29.9,0,-1,4,2020,105,0,0.0,15.506634064167503,,,,,,,,,,,,,,,,,,,,,,,,,,,,,,,,,,0.4399999976158142,,,,,,,0,0,0.0,0.0,,,,,,,
-86.9,30.0,0,-1,4,2020,105,0,0.0,12.228708026606899,,,,,,,,,,,,,,,,,,,,,,,,,,,,,,,,,,0.30000001192092896,,,,,,,0,0,0.0,0.0,0.3333333333333333,,,,,,
-86.9,30.1,0,-1,4,2020,105,0,0.0,8.984436543267474,,,,,,,,,,,,,,,,,,,,,,,,,,,,,,,,,,0.25999999046325684,,,,,,,0,0,0.0,0.0,0.8538461538461538,,,,,,
-86.9,30.2,0,-1,4,2020,105,0,0.0,5.699210471635523,,,,,,,,,,,,,,,,,,,,,,,,,,,,,,,,,,0.3100000023841858,,,,,,,0,0,0.0,0.0,-0.02145922746781116,,,,,,
-86.9,30.3,0,-1,4,2020,105,0,0.0,2.4523050381222964,,,,,,,,,,13.700000405311584,14.9000004529953,26.800000548362732,118.59999912977219,216.3999997973442,674.4999987483025,1466.7999973595142,0.7642857432365417,0.8603333234786987,0.640666663646698,29.85714340209961,31.399999618530273,23.22222137451172,14.686666488647461,16.578889846801758,298.9571533203125,298.7099914550781,293.84332275390625,50.58333206176758,50.689998626708984,,,,,0.3799999952316284,,,,,0.0,,0,0,0.0,0.0,-0.7692307692307693,,,,,,
-86.9,30.4,0,-1,4,2020,105,12,5.797638416290283,0.0,0,0,0,0,0,0,1,0.5526,0.3617,13.199999570846558,14.399999618530273,43.39999866485596,136.89999756217003,223.59999746084213,682.2999986112118,1276.400002926588,0.8128571510314941,0.9043333530426025,0.6713333129882812,29.285715103149414,30.733333587646484,23.33333396911621,14.75,16.602222442626953,299.29998779296875,299.1766662597656,294.2966613769531,48.4033317565918,48.77777862548828,-2.4700000286102295,-1.899999976158142,-1.4900000095367432,-2.390000104904175,13.760000228881836,0.6161007944138036,0.037398811029597794,0.11602580318745262,0.0,0.12169263185585966,0.00161269921578548,14,0,6.9359724965348555,14.014554450062521,0.34398976982097185,0.16835302114486694,0.16629303991794586,300.8066666666667,292.66,,
-86.9,30.5,0,-1,4,2020,105,43,0.0,0.042426406871192854,1,0,0,0,0,0,0,0.6413,0.4222,31.200000762939453,33.2000008225441,59.400000154972076,139.10000124573708,228.00000128149986,682.6999997198582,1493.900002270937,0.9014285802841187,0.9869999885559082,0.7235555648803711,29.14285659790039,32.03333282470703,23.922222137451172,14.699999809265137,16.516666412353516,299.79998779296875,299.9266662597656,294.82000732421875,44.18333435058594,45.66444396972656,-1.5,-0.8899999856948853,-0.5299999713897705,-1.5199999809265137,0.47999998927116394,0.10947944095604617,0.7165673269987828,0.004034718818674804,0.0,0.07115824640907847,0.003225245450664812,10,33,14.346333587305427,29.564818083563697,0.10670553935860058,0.16566747426986694,0.10510529577732086,297.99,290.94666666666666,,
-86.9,30.6,0,-1,4,2020,105,11,0.10785426199436188,0.042426406871192854,0,0,0,1,0,0,0,0.7351000000000001,0.5313,35.09999918937683,36.29999923706055,51.6999996304512,116.69999939203262,241.2999981045723,627.1000041365623,1457.8000037670135,0.9785714149475098,1.06166672706604,0.7511110901832581,32.0,35.733333587646484,25.455554962158203,13.869999885559082,16.11888885498047,300.1285705566406,300.2699890136719,294.8233337402344,41.290000915527344,44.66666793823242,-1.9600000381469727,-1.309999942779541,-1.3700000047683716,-1.559999942779541,1.5399999618530273,0.08871906472999644,0.12164072208467326,0.49735811112059736,0.004837929366231253,0.43063209084374066,0.02799674941739315,6,0,16.722420027354353,51.50138488374302,0.06556493623136339,0.14827245473861694,0.08206452429294586,296.54,290.61333333333334,20.900000000000002,44.7
-86.9,30.7,0,-1,4,2020,105,16,0.0,0.30886890422961005,1,0,0,0,0,0,0,0.8793000000000001,0.4899,23.699999809265137,24.99999976158142,43.5000005364418,109.60000151395798,266.2000015974045,667.1000028848648,1536.4000082314014,1.0514285564422607,1.128999948501587,0.7805555462837219,34.42856979370117,37.733333587646484,26.03333282470703,13.226666450500488,15.756667137145996,300.3285827636719,300.5833435058594,294.89776611328125,39.68333435058594,44.38888931274414,-1.4900000095367432,-0.8299999833106995,-1.5199999809265137,-1.7699999809265137,0.6200000047683716,0.0,0.4719087623666902,0.44845117983514304,6.32365077006258E-6,0.20655378457840207,0.005520547122264631,23,96,19.128127256048234,72.84710422408487,0.28923815760750926,0.15175145864486694,0.06643952429294586,284.78000000000003,288.16,29.1,45.0
-86.9,30.8,0,-1,4,2020,105,47,0.0,0.1341640786499874,1,0,0,0,0,0,0,0.8652000000000001,0.5716,33.49999952316284,35.4999994635582,50.4999994635582,155.49999898672104,348.4999993443489,770.50000461936,1490.1999991238117,1.0614285469055176,1.1710000038146973,0.8119999766349792,31.428571701049805,36.29999923706055,24.88888931274414,13.229999542236328,15.80888843536377,300.3428649902344,300.7833251953125,295.0310974121094,37.72666549682617,42.44111251831055,-1.4700000286102295,-0.8199999928474426,-1.7899999618530273,-2.0999999046325684,0.3700000047683716,0.017210832700582126,0.7490830677391616,0.18343704153386964,0.012094020336925183,0.11725558516504081,0.004768047756361615,20,83,22.131306948070957,77.51970752730092,0.2824796658606287,0.19075292348861694,0.17141999304294586,298.5733333333333,287.95,36.5,51.7
-86.9,30.9,0,-1,4,2020,105,51,2.712107088882476E-4,0.33,1,0,0,0,0,0,0,0.8536,0.44430000000000003,50.89999848604202,54.299998342990875,72.79999786615372,181.799997061491,354.49999418854713,789.2999936044216,1440.4999954104424,1.085714340209961,1.2143332958221436,0.8372222185134888,28.14285659790039,35.20000076293945,23.866666793823242,13.526666641235352,16.087778091430664,300.6000061035156,301.1199951171875,295.2622375488281,36.15666580200195,40.86666488647461,-1.9199999570846558,-1.3600000143051147,-2.359999895095825,-2.700000047683716,0.3499999940395355,0.0,0.7370000316185539,0.20968476301893949,0.0,0.10407853250326407,6.323710753470135E-5,23,94,22.364848784516578,82.39696568136954,0.29465509365006853,0.15980809926986694,0.07760895788669586,292.63,289.6533333333333,21.6,46.800000000000004
-86.9,31.0,0,-1,4,2020,105,69,9.375333320349455E-4,0.42107006542854597,0,1,0,0,0,0,0,0.859,0.47550000000000003,24.400000393390656,32.70000034570694,49.70000112056732,153.40000048279762,300.40000143647194,751.0999974906445,1451.3999958336353,1.0242856740951538,1.156333327293396,0.7923333644866943,29.85714340209961,34.63333511352539,23.22222137451172,13.626667022705078,16.309999465942383,300.28570556640625,300.7900085449219,294.9155578613281,37.40666580200195,42.247779846191406,-1.4299999475479126,-0.7900000214576721,-1.6200000047683716,-2.119999885559082,0.33000001311302185,0.0,0.6566737592912856,0.08588293691568841,0.12462574022024021,0.09200846166453204,0.014549892345972539,14,34,17.333058970054694,51.546532422765665,0.29224822847326604,0.48060888051986694,0.8295620679855347,297.105,290.33,38.800000000000004,53.800000000000004
-86.9,31.1,0,-1,4,2020,105,42,0.0,0.5028916384272063,0,0,0,0,1,0,0,0.8892,0.46390000000000003,12.399999886751175,32.200000673532486,52.99999991059303,161.79999953508377,311.6999965310097,792.7999954819679,1577.3999927937984,1.0957143306732178,1.1926666498184204,0.8187777996063232,30.14285659790039,35.400001525878906,23.799999237060547,13.34333324432373,15.932222366333008,300.5714416503906,300.8233337402344,294.9566650390625,37.50666809082031,42.12888717651367,-0.7699999809265137,0.9100000262260437,-1.3899999856948853,-1.5299999713897705,0.46000000834465027,0.0,0.45499641160048965,0.45087370414515476,0.0,0.2889987657818063,0.01612408590660044,22,100,22.568525049426036,76.81069855560594,0.35680304471931495,0.23408788442611694,0.24978913366794586,297.1566666666667,286.62,,
-86.9,31.2,0,-1,4,2020,105,88,0.0,0.03,0,0,1,0,0,0,0,0.7795000000000001,0.41650000000000004,16.600000023841858,45.99999964237213,69.10000038146973,183.90000328421593,334.30000045895576,851.3000018298626,1645.0000041425228,1.0085713863372803,1.1646666526794434,0.8075555562973022,27.285715103149414,34.099998474121094,22.55555534362793,13.50333309173584,16.204444885253906,299.9428405761719,300.7799987792969,295.0977783203125,38.60333251953125,42.95222091674805,-0.7300000190734863,1.149999976158142,-1.1299999952316284,0.550000011920929,0.4300000071525574,0.0701887556297758,0.8109608617435328,0.033301822067792454,0.0,0.10886360486513447,0.008062246869160806,14,0,16.65826136427979,45.51065258004601,0.22104779411764705,0.28688329458236694,0.29172030091285706,299.068,289.68666666666667,32.6,52.0
-86.9,31.3,0,-1,4,2020,105,81,0.008562098257243633,0.3818376618407357,1,0,0,0,0,0,0,0.6819000000000001,0.30610000000000004,22.29999914765358,39.79999914765358,59.89999917149544,165.20000061392784,322.4999971985817,819.7000041604042,1626.1000021398067,1.0385714769363403,1.215666651725769,0.8556666374206543,32.57143020629883,36.66666793823242,24.0,13.029999732971191,15.748888969421387,299.8571472167969,300.9700012207031,295.3566589355469,37.996665954589844,41.84555435180664,-0.7699999809265137,1.1100000143051147,-1.4500000476837158,-1.7799999713897705,0.5299999713897705,0.0,0.762619268926533,0.03674652705325925,0.0,0.0976396098016941,0.022857901625661564,19,100,18.433170742241394,84.3330083674233,0.2060425953442298,0.23005956411361694,0.21786774694919586,298.708,286.25,34.0,52.300000000000004
-86.9,31.4,0,-1,4,2020,105,98,0.024445010349154472,0.0670820393249937,0,0,0,1,0,0,0,0.7642,0.3816,26.100000381469727,44.10000038146973,67.70000052452087,172.7999981045723,309.69999903440475,730.9000006616116,1546.8000032007694,1.0257142782211304,1.222333312034607,0.8652222156524658,32.28571319580078,36.03333282470703,24.4777774810791,13.09666633605957,15.682222366333008,299.77142333984375,301.0433349609375,295.50555419921875,38.04999923706055,41.53888702392578,-1.7699999809265137,-1.1699999570846558,-1.690000057220459,0.6299999952316284,0.47999998927116394,0.02595234481711944,0.7670795475382063,0.023498801823504514,0.001489026726607107,0.156854900302567,0.053933749375620475,14,4,19.47600504757831,73.11720223283345,0.20142285460204534,0.23005956411361694,0.21786774694919586,297.3828571428571,289.22,30.3,51.900000000000006
-86.9,31.5,0,-1,4,2020,105,102,0.0,0.4459820624195552,0,0,1,0,0,0,0,0.87,0.4632,47.30000114440918,64.90000033378601,94.09999990463257,199.89999902248383,345.4000011384487,757.1000034511089,1512.0000071525574,0.9642857313156128,1.1423333883285522,0.8137778043746948,30.85714340209961,34.93333435058594,24.44444465637207,13.366666793823242,15.696666717529297,299.20001220703125,300.3299865722656,294.9155578613281,39.973331451416016,43.21666717529297,-1.2599999904632568,-0.6200000047683716,-1.3899999856948853,-1.649999976158142,0.4399999976158142,0.0,0.8100690767115053,0.009673901016391885,0.0,0.0207460211966808,0.044923573020564926,23,100,19.40212905975069,77.05564677144996,0.33913452492944496,0.23176854848861694,0.21945466101169586,295.66,288.72,39.2,54.900000000000006
-86.9,31.6,0,-1,4,2020,105,80,0.0,0.24,0,0,0,0,1,0,0,0.7973,0.5485,35.60000038146973,51.0,86.30000019073486,214.5999998152256,347.40000107884407,836.2000031173229,1540.8000032007694,0.9971428513526917,1.1716666221618652,0.8417778015136719,29.428571701049805,34.266666412353516,24.38888931274414,13.25,15.45111083984375,299.4571533203125,300.3900146484375,294.95220947265625,39.11666488647461,42.241111755371094,-0.6200000047683716,1.0299999713897705,-0.9700000286102295,0.5199999809265137,0.33000001311302185,0.0,0.6425606575515691,0.21423852050897027,0.0,0.20489252864436072,0.0029589820595906117,23,100,20.18991300422889,66.25484474534048,0.30761209593326383,0.30836766958236694,0.31235018372535706,296.0733333333333,288.3,28.400000000000002,48.7
-86.9,31.7,0,-1,4,2020,105,118,0.0,0.0670820393249937,1,0,0,0,0,0,0,0.8520000000000001,0.5571,43.29999923706055,57.899999022483826,96.89999979734421,252.89999902248383,373.39999932050705,832.4999957084656,1524.7000014483929,0.9585714340209961,1.149666666984558,0.8302221894264221,30.428571701049805,33.96666717529297,24.655555725097656,13.133333206176758,15.227777481079102,299.0428466796875,300.04998779296875,294.6933288574219,40.03666687011719,42.95222091674805,0.6200000047683716,1.159999966621399,0.75,0.6100000143051147,0.3799999952316284,0.044349939246658567,0.6781804329201405,0.03861000199167292,0.0,0.0454223833032318,0.08862944451294115,28,100,20.164631538169772,77.20825490290717,0.30497806599275223,0.31361669301986694,0.31747713685035706,295.95,287.73333333333335,30.3,51.900000000000006
-86.9,31.8,0,-1,4,2020,105,100,0.0,0.5408326913195983,1,0,0,0,0,0,0,0.7966000000000001,0.47840000000000005,47.89999997615814,62.099999606609344,109.3999999165535,274.79999989271164,397.5000020265579,803.1000000834465,1519.7000028789043,0.9342857003211975,1.149666666984558,0.8348888754844666,32.28571319580078,34.43333435058594,25.35555648803711,12.90333366394043,15.047778129577637,298.78570556640625,299.9533386230469,294.6233215332031,40.130001068115234,42.85222244262695,0.8399999737739563,1.2799999713897705,0.949999988079071,1.100000023841858,0.2800000011920929,0.0,0.6012866513870228,0.32275349719434127,0.03225796253852841,0.13073720103032038,0.0024183987987038648,11,95,20.067302566904804,74.44675288495539,0.20908092273892348,0.32045263051986694,0.32516756653785706,295.4166666666667,287.0,34.2,49.1
-86.9,31.9,0,-1,4,2020,105,106,0.0018121092580258846,0.17492855684535902,1,0,0,0,0,0,0,0.8473,0.6376000000000001,62.999999046325684,72.09999886155128,112.59999892115593,303.99999871850014,434.59999880194664,846.7999961674213,1678.3999975323677,0.8628571629524231,1.0983333587646484,0.7908889055252075,33.0,33.33333206176758,23.399999618530273,13.130000114440918,15.577777862548828,298.1571350097656,299.5066833496094,294.2311096191406,40.9033317565918,43.32222366333008,1.6100000143051147,2.130000114440918,1.690000057220459,1.6399999856948853,0.23999999463558197,5.060728744939269E-4,0.8010122148601484,0.032029234737747214,0.0,0.07317698560968432,0.024123084315411457,9,100,20.97485832653585,86.63304293848199,0.2828433196873837,0.39833348989486694,0.40854158997535706,295.26,285.504,33.800000000000004,48.5
-86.9,32.0,0,-1,4,2020,105,56,0.001854238798841834,0.17492855684535902,0,0,0,1,0,0,0,0.8098000000000001,0.5878,58.599999129772186,65.79999923706055,102.40000021457672,336.2999990582466,478.799997061491,871.7999967634678,1591.300006479025,0.8657142519950867,1.097000002861023,0.7844444513320923,30.285715103149414,30.566667556762695,21.122222900390625,13.50333309173584,16.13777732849121,298.27142333984375,299.6499938964844,294.2799987792969,40.2400016784668,42.68000030517578,1.5800000429153442,1.9800000190734863,0.8600000143051147,0.75,0.25999999046325684,0.0,0.19457931871633408,0.3417829957261714,0.0,0.16426529000100124,0.39760829982550633,7,1,17.727620034318644,47.96341626395243,0.3049691458265671,0.38917821645736694,0.40707674622535706,294.5766666666667,287.04,31.900000000000002,50.900000000000006
-86.9,32.1,0,-1,4,2020,105,93,0.007341441698372364,0.0670820393249937,1,0,0,0,0,0,0,0.8735,0.6631,49.69999933242798,56.09999933838844,78.2999991774559,329.7999991774559,490.00000086426735,871.2000023126602,1617.3000018000603,0.8285714387893677,1.0640000104904175,0.7568888664245605,31.714284896850586,31.433332443237305,20.899999618530273,13.576666831970215,16.33888816833496,298.0142822265625,299.4533386230469,293.9855651855469,40.689998626708984,43.186668395996094,1.840000033378601,2.319999933242798,1.1799999475479126,1.0700000524520874,0.3499999940395355,0.07566638005159072,0.7953325620649762,0.079273111182759,0.0,0.14485684491389056,0.0016120773038481235,20,17,21.94236275031344,81.70092589626123,0.32515337423312884,0.30665868520736694,0.32211580872535706,295.52500000000003,285.915,31.1,48.1
-86.9,32.2,0,-1,4,2020,105,74,0.00275745103135705,0.3,0,0,0,0,1,0,0,0.8422000000000001,0.5688,26.59999918937683,30.799999117851257,59.5999990105629,306.8000032007694,467.60000571608543,875.8000085651875,1533.5000101327896,0.7314285635948181,0.9753333330154419,0.69477778673172,27.571428298950195,29.16666603088379,19.488889694213867,14.260000228881836,16.787776947021484,297.1428527832031,298.760009765625,293.3355712890625,42.34333419799805,44.671112060546875,2.5399999618530273,3.059999942779541,1.659999966621399,1.6699999570846558,0.4099999964237213,0.0,0.5999235065604186,0.1566945983620289,0.003224103651771518,0.06680010640116273,0.18007567160923862,23,91,19.829583931594623,62.863240432057644,0.3183183183183183,0.38820165395736694,0.40780916810035706,296.152,285.72,43.5,54.5
-86.9,32.3,0,-1,4,2020,105,64,0.12614676356315613,0.06,0,0,0,0,1,0,0,0.8296,0.6594,22.80000001192093,25.899999916553497,48.89999943971634,296.9000036120415,457.7000049352646,868.2000006139278,1495.8000028133392,0.7699999809265137,0.9923333525657654,0.7031111121177673,28.0,28.933332443237305,19.35555648803711,14.41333293914795,16.959999084472656,297.70001220703125,299.1166687011719,293.6288757324219,41.83000183105469,44.323333740234375,2.240000009536743,2.890000104904175,1.350000023841858,1.2799999713897705,1.3200000524520874,0.0668757588021044,0.5016816285244657,0.21986028575041097,0.05595207990896446,0.16708799947407144,0.16445505120748513,21,100,20.162199890565986,67.00793868564135,0.24119947848761408,0.31959813833236694,0.34591951966285706,294.204,282.90000000000003,20.8,47.1
-86.9,32.4,0,-1,4,2020,105,50,0.060999419540166855,0.042426406871192854,0,0,0,0,0,0,1,0.4158,0.2257,25.399999260902405,28.499999165534973,52.099999845027924,283.8999988734722,471.9000036418438,929.5000047385693,1438.6000109016895,0.7714285850524902,1.0043333768844604,0.7036666870117188,27.14285659790039,28.133333206176758,18.133333206176758,14.739999771118164,17.309999465942383,297.9142761230469,299.49334716796875,293.9422302246094,41.96666717529297,44.78333282470703,2.569999933242798,3.180000066757202,1.2400000095367432,1.059999942779541,0.6899999976158142,0.038589925146672054,0.2090088153764946,0.4937685497457164,0.07906340180606171,0.29891569835357296,0.1590213004023655,22,80,19.442200599881957,56.232752702249584,0.12110726643598616,0.28847020864486694,0.31613436341285706,295.17,285.56,23.900000000000002,47.2
-86.9,32.5,0,-1,4,2020,105,68,0.0593205988407135,0.042426406871192854,0,0,0,1,0,0,0,0.8461000000000001,0.6977,29.09999990463257,32.5,51.000000566244125,279.19999998807907,459.90000385046005,930.4999986290932,1455.5999961793423,0.764285683631897,0.9923333525657654,0.6956666707992554,27.571428298950195,28.766666412353516,18.44444465637207,14.506667137145996,17.086666107177734,297.5428466796875,299.1433410644531,293.64111328125,42.063331604003906,44.828887939453125,1.940000057220459,2.440000057220459,0.7099999785423279,0.9200000166893005,0.7300000190734863,0.14416464401294496,0.5723704588698612,0.05706004690473029,0.0,0.05345921331752246,0.2021644446973001,17,5,20.44788028728492,67.5638852118255,0.261075118192961,0.26246923208236694,0.28061190247535706,294.24,285.19,26.3,48.7
-86.9,32.6,0,-1,4,2020,105,66,0.0,0.0670820393249937,0,0,0,1,0,0,0,0.6709,0.45380000000000004,26.699999928474426,31.899999737739563,58.39999973773956,334.79999762773514,563.8999944627285,1029.1999934911728,1529.6999920606613,0.7557142972946167,0.9679999947547913,0.6834444403648376,27.85714340209961,27.933332443237305,17.955554962158203,14.25333309173584,16.893333435058594,296.9428405761719,298.5333251953125,293.1199951171875,42.810001373291016,44.954444885253906,1.649999976158142,2.0199999809265137,-1.5499999523162842,0.6200000047683716,0.46000000834465027,0.06565171210358607,0.5173806679183021,0.04995796274171423,0.0,0.06558615521379135,0.11076975593104622,6,0,18.65494298349542,80.03561728214784,0.24891652534388545,0.22883886098861694,0.24222077429294586,296.28000000000003,284.52,21.3,47.300000000000004
-86.9,32.7,0,-1,4,2020,105,80,0.008453914895653725,0.18248287590894657,0,0,0,0,1,0,0,0.7882,0.522,29.300000965595245,36.400000870227814,77.00000154972076,342.3000000715256,597.6000044345856,1104.6000031232834,1542.3999997675419,0.7785714268684387,0.9710000157356262,0.6907777786254883,26.714284896850586,26.700000762939453,17.988889694213867,14.526666641235352,16.87444496154785,296.8571472167969,298.433349609375,293.0333251953125,42.880001068115234,44.725555419921875,2.549999952316284,2.819999933242798,-1.9800000190734863,-2.4600000381469727,0.44999998807907104,0.0,0.37145448913668705,0.2828064452915107,0.0,0.1488064206373005,0.22416921102703632,10,100,18.77955864902114,65.56089338949069,0.3015484922575387,0.23353856801986694,0.24753083288669586,295.39,284.3,30.700000000000003,49.7
-86.9,32.8,0,-1,4,2020,105,122,0.007604016922414303,0.2545584412271571,0,0,1,0,0,0,0,0.7396,0.498,39.40000092983246,46.50000083446503,89.19999992847443,359.59999829530716,615.7000003457069,1145.6999959945679,1584.3999976217747,0.764285683631897,0.9633333086967468,0.6834444403648376,25.714284896850586,26.799999237060547,17.844444274902344,14.513333320617676,16.873332977294922,296.6142883300781,298.2433166503906,292.8355407714844,43.03666687011719,44.89444351196289,3.259999990463257,3.509999990463257,-1.4900000095367432,-2.4000000953674316,0.5199999809265137,0.0,0.4930580795231522,0.039979646725303505,0.0,0.09570659046883208,0.10294521998287044,14,99,17.9910047019056,76.06655558175203,0.1710261569416499,0.36378759145736694,0.39108553528785706,295.04,285.236,32.7,50.400000000000006
-86.9,32.9,0,-1,4,2020,105,186,0.04321791231632233,0.09486832980505139,1,0,0,0,0,0,0,0.8202,0.5686,56.90000104904175,65.10000085830688,118.4000019133091,407.8000048995018,665.7000039219856,1207.9000062346458,1683.50000923872,0.758571445941925,0.952666699886322,0.6795555353164673,24.285715103149414,25.83333396911621,17.66666603088379,14.49666690826416,16.75666618347168,296.1000061035156,297.7633361816406,292.4700012207031,43.4900016784668,44.81222152709961,3.130000114440918,3.299999952316284,-1.3799999952316284,-2.0199999809265137,0.7099999785423279,0.03368570127965202,0.7758620689655173,0.007933246942065174,0.0,0.044842675199171546,0.050564177123170774,22,100,21.696137043917705,78.09957553111532,0.29613899613899614,0.36842626333236694,0.39657869935035706,294.14,286.65000000000003,28.6,47.2
-86.9,33.0,0,-1,4,2020,105,148,0.33987703919410706,0.1341640786499874,1,0,0,0,0,0,0,0.7842,0.5673,57.399998903274536,65.09999871253967,134.39999842643738,428.39999520778656,688.3999996185303,1233.299996227026,1696.2999976575375,0.7557142972946167,0.9576666355133057,0.6811110973358154,23.571428298950195,24.433332443237305,16.96666717529297,14.796666145324707,16.898889541625977,296.0428466796875,297.79998779296875,292.4599914550781,43.413333892822266,44.73666763305664,3.4000000953674316,3.440000057220459,-1.4600000381469727,-2.5899999141693115,1.1299999952316284,0.02180291380008094,0.4809909363267481,0.004854184838257049,0.0,0.058872158401423826,0.21129293235744012,24,99,17.21895410044704,62.36721407671141,0.2222005842259007,0.36842626333236694,0.39657869935035706,295.02,284.32,25.1,48.5
-86.9,33.1,0,-1,4,2020,105,171,0.0,0.16155494421403513,1,0,0,0,0,0,0,0.8259000000000001,0.5023,34.10000014305115,40.299999952316284,113.19999992847443,391.5000002384186,637.999998152256,1193.4000042676926,1578.40000513196,0.7557142972946167,0.9633333086967468,0.6846666932106018,26.285715103149414,24.566667556762695,17.200000762939453,14.58666706085205,16.665555953979492,295.8428649902344,297.67333984375,292.3033447265625,43.29999923706055,44.571109771728516,3.130000114440918,3.2300000190734863,-1.5800000429153442,-3.0399999618530273,0.7300000190734863,0.005009614411496814,0.7421279500436109,0.004038731370640507,0.0,0.0067044631196382645,0.05599868535817667,23,18,21.62914040122278,75.86215946475437,0.31572570874727407,0.29640477895736694,0.30063143372535706,293.6,286.3266666666667,36.2,52.1
-86.9,33.2,0,-1,4,2020,105,176,0.0,0.2830194339616981,1,0,0,0,0,0,0,0.732,0.39180000000000004,21.69999921321869,27.999999403953552,89.59999865293503,376.59999936819077,648.8999982178211,1265.3000002503395,1685.6000015735626,0.6857143044471741,0.8923333287239075,0.6354444622993469,26.285715103149414,24.5,17.322221755981445,14.853333473205566,16.793333053588867,295.29998779296875,297.1333312988281,291.760009765625,45.39666748046875,46.56111145019531,3.9000000953674316,4.230000019073486,-0.7699999809265137,-2.759999990463257,0.75,0.0,0.6810104821405437,0.0,0.0,0.0037596950177468144,0.0,18,94,19.336377283294585,83.32305951727923,0.20154373927958832,0.32326024770736694,0.33993807435035706,294.84000000000003,285.93333333333334,16.7,45.7
-86.9,33.3,0,-1,4,2020,105,147,2.92041015625,0.0,0,0,0,0,0,0,1,0.8144,0.5228,45.30000153183937,52.2000016272068,114.80000177025795,405.20000171661377,687.7000029981136,1298.199996560812,1693.2999992966652,0.7471428513526917,0.9673333168029785,0.6848888993263245,27.285715103149414,25.233333587646484,17.700000762939453,14.65999984741211,16.662221908569336,295.75714111328125,297.7033386230469,292.2422180175781,43.1533317565918,44.64555740356445,4.389999866485596,4.78000020980835,-0.9700000286102295,-2.7200000286102295,2.5999999046325684,0.2250164448717299,0.7660478124160598,8.058272369606094E-4,0.0,0.0028742998160144746,0.0310354089968241,22,28,23.49357926624036,78.87757918999014,0.277431906614786,0.31996434926986694,0.33847323060035706,292.2,285.205,28.1,49.900000000000006
-86.9,33.4,0,-1,4,2020,105,248,1.4341678619384766,0.0,0,0,0,0,0,0,1,0.8792000000000001,0.5623,83.80000019073486,93.69999980926514,158.60000038146973,415.0000001192093,714.1000022888184,1296.800006389618,1755.2000046670437,0.6385714411735535,0.8489999771118164,0.6102222204208374,25.571428298950195,23.33333396911621,16.933332443237305,15.300000190734863,16.99888801574707,294.77142333984375,296.739990234375,291.4588928222656,47.003334045410156,47.91555404663086,3.869999885559082,4.159999847412109,-1.1100000143051147,-2.440000057220459,4.610000133514404,0.2693105366988719,0.49987201810074844,0.03211239654796477,0.0,0.02487428624009432,0.004029059791247301,22,99,23.106141264917255,82.35790401515554,0.24164875952334441,0.31447118520736694,0.32101717591285706,292.95,280.94,27.6,49.900000000000006
-86.9,33.5,0,-1,4,2020,105,168,15.91360092163086,0.0,0,0,0,0,0,0,1,0.5698,0.3106,83.40000003576279,96.00000041723251,178.30000084638596,426.00000286102295,675.5000041723251,1208.3000042140484,1809.9000012874603,0.7028571367263794,0.9136666655540466,0.6571111083030701,26.428571701049805,22.866666793823242,17.11111068725586,15.133333206176758,16.87444496154785,294.8143005371094,296.9266662597656,291.66888427734375,44.16999816894531,45.08333206176758,3.5,3.5999999046325684,-0.9200000166893005,-2.0899999141693115,29.65999984741211,1.0,0.01987428856746483,0.0,0.0,0.003064790851533583,0.01039378837627474,19,14,16.56081480539111,12.556246435732815,0.15342631898120074,0.34157079458236694,0.35580721497535706,297.81,287.34000000000003,,
-86.9,33.6,0,-1,4,2020,105,196,0.023427581414580345,0.0,0,0,0,0,0,0,1,0.872,0.5376000000000001,84.5,100.0,192.80000162124634,446.80000108480453,705.100005030632,1267.5000080168247,1929.8000097572803,0.6957142949104309,0.9133333563804626,0.6567777991294861,25.285715103149414,22.16666603088379,16.544445037841797,15.286666870117188,16.95888900756836,294.5714111328125,296.7933349609375,291.5433349609375,43.60333251953125,44.50444412231445,4.849999904632568,4.949999809265137,2.559999942779541,1.4700000286102295,1.7400000095367432,0.5166953354244662,0.608734121215951,0.003839347784870123,0.0,0.004125360400281294,0.027684383492384484,14,100,23.22196291974588,76.33006150752502,0.33208411409535704,0.32704442739486694,0.34677401185035706,292.52500000000003,294.0,37.7,53.0
-86.9,33.7,0,-1,4,2020,105,154,0.08179265260696411,0.2563201123595259,1,0,0,0,0,0,0,0.8181,0.4479,75.1000030040741,92.70000338554382,182.7000026702881,428.20000302791595,703.0000035464764,1275.6000069081783,2001.0000074505806,0.6714285612106323,0.8826666474342346,0.6386666893959045,24.14285659790039,21.133333206176758,15.866666793823242,15.670000076293945,17.23555564880371,294.25714111328125,296.5133361816406,291.2733459472656,43.89666748046875,44.62555694580078,5.389999866485596,5.679999828338623,3.569999933242798,2.5399999618530273,0.8899999856948853,0.0,0.8854542581766468,0.0,0.0,0.0024989484497723,0.010946437035866643,28,100,24.334959495616754,88.2836125750544,0.2696526508226691,0.32765477895736694,0.34347811341285706,291.39,294.1,29.8,48.300000000000004
-86.9,33.8,0,-1,4,2020,105,161,0.04600624740123749,0.15297058540778355,0,1,0,0,0,0,0,0.8551000000000001,0.46690000000000004,86.99999845027924,102.2999986410141,195.39999997615814,449.99999809265137,746.4999977946281,1377.699993610382,2070.99998781085,0.6485714316368103,0.8613333106040955,0.6245555877685547,23.0,19.200000762939453,13.94444465637207,16.19333267211914,17.712223052978516,294.1428527832031,296.5,291.2466735839844,43.8033332824707,44.491111755371094,5.579999923706055,5.679999828338623,3.4600000381469727,1.8300000429153442,0.7099999785423279,0.006778289240730436,0.7005039892566555,0.0016115016983963982,0.0,0.005801076902310879,0.16080891065644998,11,100,23.587567376746,72.11338362012519,0.2236,0.33461278676986694,0.34811678528785706,292.75,278.7,28.6,48.300000000000004
-86.9,33.9,0,-1,4,2020,105,101,0.0,0.08485281374238571,0,0,0,1,0,0,0,0.7858,0.5599000000000001,92.30000162124634,102.6000018119812,220.10000276565552,461.60000145435333,742.1999997496605,1469.4000009000301,2152.900000989437,0.5899999737739563,0.8130000233650208,0.5979999899864197,20.85714340209961,16.66666603088379,13.066666603088379,16.963333129882812,18.04777717590332,293.5,296.1199951171875,290.9811096191406,45.05666732788086,45.473331451416016,5.989999771118164,5.889999866485596,3.759999990463257,1.850000023841858,0.6800000071525574,0.056850943300794106,0.6658641238064544,0.03636087887922045,3.3807907890828884E-4,0.030804361090707454,0.1142170151724835,6,0,20.86138151438663,74.83997865405443,0.2598110465116279,0.34035009145736694,0.35495272278785706,292.615,277.98,25.8,49.5
-86.9,34.0,0,-1,4,2020,105,213,0.013148291036486626,0.17492855684535902,1,0,0,0,0,0,0,0.8373,0.5106,102.9000016450882,108.10000145435333,227.60000097751617,458.1999973654747,714.1999916136265,1354.1999872922897,1971.9999856352806,0.5099999904632568,0.7146666646003723,0.5204444527626038,18.14285659790039,14.333333015441895,11.311111450195312,17.786666870117188,18.69444465637207,292.5428466796875,295.1533203125,289.8733215332031,48.12666702270508,48.900001525878906,5.300000190734863,4.980000019073486,2.7699999809265137,1.2799999713897705,0.46000000834465027,0.0,0.7542165096336736,0.0,0.0,0.0025928082808098817,0.18624365706774856,29,100,23.42964249217811,72.95235930277828,0.3047175541607613,0.26271337270736694,0.23507966101169586,291.3,278.04,28.900000000000002,48.7
-86.9,34.1,0,-1,4,2020,105,194,0.2171233892440796,0.06,1,0,0,0,0,0,0,0.7169,0.47600000000000003,102.50000011920929,106.40000021457672,208.00000059604645,432.5000011026859,671.3999972939491,1302.5999966561794,1904.8999972939491,0.5128571391105652,0.7136666774749756,0.5174444317817688,18.714284896850586,14.699999809265137,11.266666412353516,17.606666564941406,18.651111602783203,292.5142822265625,295.0633239746094,289.75555419921875,48.38333511352539,49.282222747802734,4.059999942779541,3.9200000762939453,2.2300000190734863,0.9300000071525574,0.9800000190734863,0.07739389953968334,0.35183722473223633,0.030507724874411585,0.024169852453319037,0.009220915772765407,0.44230514043790126,25,100,19.07322273566736,37.799772946733825,0.21302528651991995,0.27394384145736694,0.25558748841285706,293.01,284.17333333333335,23.700000000000003,49.2
-86.9,34.2,0,-1,4,2020,105,276,0.17045392096042633,0.08485281374238571,1,0,0,0,0,0,0,0.7988000000000001,0.536,114.50000315904617,116.20000320672989,218.7000032067299,444.60000163316727,696.0000001192093,1392.699997574091,1945.3999926149845,0.488571435213089,0.7260000109672546,0.5437777638435364,17.0,14.366666793823242,11.01111125946045,17.64666748046875,18.475555419921875,292.28570556640625,295.11334228515625,289.977783203125,47.76333236694336,48.071109771728516,3.740000009536743,3.640000104904175,1.6299999952316284,-1.3899999856948853,0.9900000095367432,0.08248204713259834,0.6279324737202966,8.056897494146906E-4,0.0,0.0016757150222923164,0.22558365113317913,27,100,24.40940362412017,60.4623657595662,0.2517656041229242,0.28969091176986694,0.26901522278785706,290.985,286.17,27.0,50.5
-86.9,34.3,0,-1,4,2020,105,277,0.4039188623428345,0.03,1,0,0,0,0,0,0,0.8288000000000001,0.4914,145.7999973297119,147.39999735355377,249.69999584555626,419.79999646544456,725.1999960243702,1441.8999982774258,2216.799993723631,0.508571445941925,0.7350000143051147,0.5462222099304199,18.285715103149414,15.5,12.377778053283691,17.56999969482422,18.299999237060547,292.28570556640625,295.0233459472656,289.7699890136719,47.93000030517578,48.63333511352539,6.610000133514404,6.860000133514404,4.980000019073486,3.7899999618530273,0.9700000286102295,0.10048040455120097,0.692087012843399,0.013333122699483418,0.007251070283249869,0.02061616477160716,0.16421541523830585,27,97,24.801056450242207,68.8519505000248,0.27170324334822293,0.29298681020736694,0.26559725403785706,290.46500000000003,286.19,27.6,51.1
-86.9,34.4,0,-1,4,2020,105,188,0.03519830480217934,0.06,1,0,0,0,0,0,0,0.8352,0.5211,129.60000228881836,130.30000227689743,231.50000268220901,405.90000355243683,702.3000023663044,1369.7999981939793,2096.4000023901463,0.5357142686843872,0.7403333187103271,0.5401111245155334,18.0,14.933333396911621,12.033333778381348,17.44333267211914,18.304445266723633,292.3999938964844,294.9033203125,289.5199890136719,48.12666702270508,49.445556640625,6.150000095367432,6.25,4.230000019073486,3.009999990463257,1.159999966621399,0.09505991808666638,0.24237378636175505,0.04521858916232502,0.001611338769758647,0.06889900396543572,0.5223675937656987,27,100,18.069627117360547,32.02848464990978,0.30970003895597975,0.34584325551986694,0.34823885560035706,292.24,283.78000000000003,26.8,48.7
-86.9,34.5,0,-1,4,2020,105,187,0.24925895035266876,0.0,0,0,0,0,0,0,1,0.7407,0.42260000000000003,116.00000321865082,116.30000323057175,269.1000043749809,454.0000057220459,702.9000047445297,1331.100005686283,1983.1000015437603,0.5400000214576721,0.7226666808128357,0.527222216129303,16.285715103149414,13.233333587646484,11.366666793823242,18.003334045410156,18.510000228881836,292.4142761230469,294.7699890136719,289.4977722167969,48.53666687011719,49.648887634277344,5.010000228881836,4.739999771118164,2.9700000286102295,2.3399999141693115,2.2100000381469727,0.2602912915950238,0.4785039996967056,0.026885796969582088,0.0,0.04643472722769526,0.3368780882334358,20,0,21.15466826265391,50.47820474191672,0.19727891156462585,0.35316747426986694,0.35934725403785706,292.095,283.48,21.0,48.0
-86.9,34.6,0,-1,4,2020,105,177,0.0,0.03,1,0,0,0,0,0,0,0.7821,0.5079,119.00000035762787,119.40000036358833,303.5000002682209,481.80000099539757,735.9999984204769,1358.899997830391,1959.7000010609627,0.5385714173316956,0.7046666741371155,0.512333333492279,16.0,13.166666984558105,11.311111450195312,18.113332748413086,18.573333740234375,292.3999938964844,294.65667724609375,289.3833312988281,49.29999923706055,50.39666748046875,4.360000133514404,3.200000047683716,1.3300000429153442,1.1200000047683716,1.1699999570846558,0.0902609223300971,0.047603401867741625,0.29912299546333354,0.3003961684758569,0.1955749604609328,0.016696574122047683,26,94,10.643111294320569,25.328336061554907,0.3736121869351924,0.35316747426986694,0.35934725403785706,290.0266666666667,288.62,18.7,47.400000000000006
-86.9,34.7,0,-1,4,2020,105,189,0.09053933620452881,0.09,0,0,0,0,0,1,0,0.3658,0.195,104.29999697208405,104.29999697208405,298.29999727010727,451.99999636411667,728.099995225668,1318.5999961793423,1870.0999950766563,0.5371428728103638,0.6890000104904175,0.5032222270965576,17.14285659790039,13.566666603088379,11.366666793823242,17.96666717529297,18.585556030273438,292.0857238769531,294.4433288574219,289.1877746582031,49.586666107177734,50.43555450439453,4.239999771118164,3.299999952316284,1.25,1.190000057220459,0.8600000143051147,0.012892461701804945,0.049350148799181155,0.2879248358786103,0.5650798966303779,0.23385692970822258,0.052183967599057315,1,0,11.337714750511305,27.523474141907286,-0.01054421768707483,0.43287938833236694,0.44699373841285706,288.1333333333333,283.6533333333333,14.100000000000001,45.400000000000006
-86.9,34.8,0,-1,4,2020,105,224,0.0925435721874237,0.06,0,0,0,1,0,0,0,0.5881000000000001,0.3785,87.40000009536743,87.40000009536743,256.1000015735626,416.3000017404556,703.9000004529953,1397.0000015199184,1983.4999993741512,0.5914285778999329,0.7256666421890259,0.5245555639266968,19.285715103149414,15.133333206176758,11.622221946716309,17.3266658782959,18.36888885498047,292.28570556640625,294.510009765625,289.17889404296875,47.900001525878906,48.988887786865234,4.630000114440918,4.010000228881836,2.009999990463257,1.2400000095367432,2.0899999141693115,0.0998028211739724,0.2043501611170785,0.03599545081190372,0.09309407973715807,0.01849971468529206,0.4705092563341127,0,0,16.42493484227705,24.10577816424821,0.0786179268903355,0.40382665395736694,0.43429842591285706,290.17,282.44,14.200000000000001,45.2
-86.9,34.9,0,-1,4,2020,105,250,0.10272598266601562,0.18,0,0,0,0,0,0,0,0.5489,0.3593,90.10000348091125,90.10000348091125,243.80000415444374,397.80000656843185,720.9000081121922,1455.7999990582466,2106.1000017523766,0.5542857050895691,0.6713333129882812,0.47511109709739685,18.285715103149414,13.766666412353516,10.411110877990723,17.81999969482422,18.95222282409668,291.8428649902344,293.9366760253906,288.50445556640625,49.27000045776367,50.63222122192383,5.630000114440918,5.260000228881836,3.2799999713897705,1.8799999952316284,0.8899999856948853,0.0,0.2905472856854022,0.0427176000808734,0.18060680347755753,0.051816629720492835,0.3879207945814797,6,0,17.152526730326528,31.113415759555977,0.10273972602739725,0.40529149770736694,0.43527498841285706,289.5,278.45,14.200000000000001,45.400000000000006
-86.8,24.6,0,-1,4,2020,105,0,0.0,1390.2285000315594,,,,,,,,,,,,,,,,,,,,,,,,,,,,,,,,,,0.2800000011920929,,,,,,,0,0,0.0,0.0,,,,,,,
-86.8,24.7,0,-1,4,2020,105,0,0.0,1390.2285000315594,,,,,,,,,,,,,,,,,,,,,,,,,,,,,,,,,,0.33000001311302185,,,,,,,0,0,0.0,0.0,,,,,,,
-86.8,24.8,0,-1,4,2020,105,0,0.0,1390.2285000315594,,,,,,,,,,,,,,,,,,,,,,,,,,,,,,,,,,0.3700000047683716,,,,,,,0,0,0.0,0.0,,,,,,,
-86.8,24.9,0,-1,4,2020,105,0,0.0,1390.2285000315594,,,,,,,,,,,,,,,,,,,,,,,,,,,,,,,,,,0.3100000023841858,,,,,,,0,0,0.0,0.0,,,,,,,
-86.8,25.0,0,-1,4,2020,105,0,0.0,1390.2285000315594,,,,,,,,,,,,,,,,,,,,,,,,,,,,,,,,,,0.3199999928474426,,,,,,,0,0,0.0,0.0,,,,,,,
-86.8,25.1,0,-1,4,2020,105,0,0.0,1390.2285000315594,,,,,,,,,,,,,,,,,,,,,,,,,,,,,,,,,,0.30000001192092896,,,,,,,0,0,0.0,0.0,,,,,,,
-86.8,25.2,0,-1,4,2020,105,0,0.0,1390.2285000315594,,,,,,,,,,,,,,,,,,,,,,,,,,,,,,,,,,0.3100000023841858,,,,,,,0,0,0.0,0.0,,,,,,,
-86.8,25.3,0,-1,4,2020,105,0,0.0,1390.2285000315594,,,,,,,,,,,,,,,,,,,,,,,,,,,,,,,,,,0.3100000023841858,,,,,,,0,0,0.0,0.0,,,,,,,
-86.8,25.4,0,-1,4,2020,105,0,0.0,1390.2285000315594,,,,,,,,,,,,,,,,,,,,,,,,,,,,,,,,,,0.23999999463558197,,,,,,,0,0,0.0,0.0,,,,,,,
-86.8,25.5,0,-1,4,2020,105,0,0.0,1390.2285000315594,,,,,,,,,,,,,,,,,,,,,,,,,,,,,,,,,,0.33000001311302185,,,,,,,0,0,0.0,0.0,,,,,,,
-86.8,25.6,0,-1,4,2020,105,0,0.0,1390.2285000315594,,,,,,,,,,,,,,,,,,,,,,,,,,,,,,,,,,0.33000001311302185,,,,,,,0,0,0.0,0.0,,,,,,,
-86.8,25.7,0,-1,4,2020,105,0,0.0,1390.2285000315594,,,,,,,,,,,,,,,,,,,,,,,,,,,,,,,,,,0.33000001311302185,,,,,,,0,0,0.0,0.0,,,,,,,
-86.8,25.8,0,-1,4,2020,105,0,0.0,1390.2285000315594,,,,,,,,,,,,,,,,,,,,,,,,,,,,,,,,,,0.23999999463558197,,,,,,,0,0,0.0,0.0,,,,,,,
-86.8,25.9,0,-1,4,2020,105,0,0.0,1390.2285000315594,,,,,,,,,,,,,,,,,,,,,,,,,,,,,,,,,,0.30000001192092896,,,,,,,0,0,0.0,0.0,,,,,,,
-86.8,26.0,0,-1,4,2020,105,0,0.0,1390.2285000315594,,,,,,,,,,,,,,,,,,,,,,,,,,,,,,,,,,0.28999999165534973,,,,,,,0,0,0.0,0.0,,,,,,,
-86.8,26.1,0,-1,4,2020,105,0,0.0,1390.2285000315594,,,,,,,,,,,,,,,,,,,,,,,,,,,,,,,,,,0.3199999928474426,,,,,,,0,0,0.0,0.0,,,,,,,
-86.8,26.2,0,-1,4,2020,105,0,0.0,1390.2285000315594,,,,,,,,,,,,,,,,,,,,,,,,,,,,,,,,,,0.4099999964237213,,,,,,,0,0,0.0,0.0,,,,,,,
-86.8,26.3,0,-1,4,2020,105,0,0.0,1390.2285000315594,,,,,,,,,,,,,,,,,,,,,,,,,,,,,,,,,,0.2199999988079071,,,,,,,0,0,0.0,0.0,,,,,,,
-86.8,26.4,0,-1,4,2020,105,0,0.0,1390.2285000315594,,,,,,,,,,,,,,,,,,,,,,,,,,,,,,,,,,0.36000001430511475,,,,,,,0,0,0.0,0.0,,,,,,,
-86.8,26.5,0,-1,4,2020,105,0,0.0,1390.2285000315594,,,,,,,,,,,,,,,,,,,,,,,,,,,,,,,,,,0.2800000011920929,,,,,,,0,0,0.0,0.0,,,,,,,
-86.8,26.6,0,-1,4,2020,105,0,0.0,1390.2285000315594,,,,,,,,,,,,,,,,,,,,,,,,,,,,,,,,,,0.3199999928474426,,,,,,,0,0,0.0,0.0,,,,,,,
-86.8,26.7,0,-1,4,2020,105,0,0.0,1390.2285000315594,,,,,,,,,,,,,,,,,,,,,,,,,,,,,,,,,,0.28999999165534973,,,,,,,0,0,0.0,0.0,,,,,,,
-86.8,26.8,0,-1,4,2020,105,0,0.0,1390.2285000315594,,,,,,,,,,,,,,,,,,,,,,,,,,,,,,,,,,0.3799999952316284,,,,,,,0,0,0.0,0.0,,,,,,,
-86.8,26.9,0,-1,4,2020,105,0,0.0,1390.2285000315594,,,,,,,,,,,,,,,,,,,,,,,,,,,,,,,,,,0.3700000047683716,,,,,,,0,0,0.0,0.0,,,,,,,
-86.8,27.0,0,-1,4,2020,105,0,0.0,1390.2285000315594,,,,,,,,,,,,,,,,,,,,,,,,,,,,,,,,,,0.27000001072883606,,,,,,,0,0,0.0,0.0,,,,,,,
-86.8,27.1,0,-1,4,2020,105,0,0.0,1390.2285000315594,,,,,,,,,,,,,,,,,,,,,,,,,,,,,,,,,,0.2199999988079071,,,,,,,0,0,0.0,0.0,,,,,,,
-86.8,27.2,0,-1,4,2020,105,0,0.0,1390.2285000315594,,,,,,,,,,,,,,,,,,,,,,,,,,,,,,,,,,0.3100000023841858,,,,,,,0,0,0.0,0.0,,,,,,,
-86.8,27.3,0,-1,4,2020,105,0,0.0,1390.2285000315594,,,,,,,,,,,,,,,,,,,,,,,,,,,,,,,,,,0.41999998688697815,,,,,,,0,0,0.0,0.0,,,,,,,
-86.8,27.4,0,-1,4,2020,105,0,0.0,1390.2285000315594,,,,,,,,,,,,,,,,,,,,,,,,,,,,,,,,,,0.3100000023841858,,,,,,,0,0,0.0,0.0,,,,,,,
-86.8,27.5,0,-1,4,2020,105,0,0.0,1390.2285000315594,,,,,,,,,,,,,,,,,,,,,,,,,,,,,,,,,,0.33000001311302185,,,,,,,0,0,0.0,0.0,,,,,,,
-86.8,27.6,0,-1,4,2020,105,0,0.0,1390.2285000315594,,,,,,,,,,,,,,,,,,,,,,,,,,,,,,,,,,0.33000001311302185,,,,,,,0,0,0.0,0.0,,,,,,,
-86.8,27.7,0,-1,4,2020,105,0,0.0,1390.2285000315594,,,,,,,,,,,,,,,,,,,,,,,,,,,,,,,,,,0.3799999952316284,,,,,,,0,0,0.0,0.0,,,,,,,
-86.8,27.8,0,-1,4,2020,105,0,0.0,1390.2285000315594,,,,,,,,,,,,,,,,,,,,,,,,,,,,,,,,,,0.30000001192092896,,,,,,,0,0,0.0,0.0,,,,,,,
-86.8,27.9,0,-1,4,2020,105,0,0.0,1390.2285000315594,,,,,,,,,,,,,,,,,,,,,,,,,,,,,,,,,,0.30000001192092896,,,,,,,0,0,0.0,0.0,,,,,,,
-86.8,28.0,0,-1,4,2020,105,0,0.0,69.78284388014005,,,,,,,,,,,,,,,,,,,,,,,,,,,,,,,,,,0.2800000011920929,,,,,,,0,0,0.0,0.0,,,,,,,
-86.8,28.1,0,-1,4,2020,105,0,0.0,67.15054206780464,,,,,,,,,,,,,,,,,,,,,,,,,,,,,,,,,,0.38999998569488525,,,,,,,0,0,0.0,0.0,,,,,,,
-86.8,28.2,0,-1,4,2020,105,0,0.0,64.59815786847176,,,,,,,,,,,,,,,,,,,,,,,,,,,,,,,,,,0.36000001430511475,,,,,,,0,0,0.0,0.0,,,,,,,
-86.8,28.3,0,-1,4,2020,105,0,0.0,62.11800463633712,,,,,,,,,,,,,,,,,,,,,,,,,,,,,,,,,,0.3700000047683716,,,,,,,0,0,0.0,0.0,,,,,,,
-86.8,28.4,0,-1,4,2020,105,0,0.0,59.69430877395264,,,,,,,,,,,,,,,,,,,,,,,,,,,,,,,,,,0.25,,,,,,,0,0,0.0,0.0,,,,,,,
-86.8,28.5,0,-1,4,2020,105,0,0.0,57.372001882451336,,,,,,,,,,,,,,,,,,,,,,,,,,,,,,,,,,0.2800000011920929,,,,,,,0,0,0.0,0.0,,,,,,,
-86.8,28.6,0,-1,4,2020,105,0,0.0,55.15143243833292,,,,,,,,,,,,,,,,,,,,,,,,,,,,,,,,,,0.30000001192092896,,,,,,,0,0,0.0,0.0,,,,,,,
-86.8,28.7,0,-1,4,2020,105,0,0.0,53.022833760560175,,,,,,,,,,,,,,,,,,,,,,,,,,,,,,,,,,0.3100000023841858,,,,,,,0,0,0.0,0.0,,,,,,,
-86.8,28.8,0,-1,4,2020,105,0,0.0,51.02262733337044,,,,,,,,,,,,,,,,,,,,,,,,,,,,,,,,,,0.3199999928474426,,,,,,,0,0,0.0,0.0,,,,,,,
-86.8,28.9,0,-1,4,2020,105,0,0.0,48.61075806855927,,,,,,,,,,,,,,,,,,,,,,,,,,,,,,,,,,0.25999999046325684,,,,,,,0,0,0.0,0.0,,,,,,,
-86.8,29.0,0,-1,4,2020,105,0,0.0,45.356984026718536,,,,,,,,,,,,,,,,,,,,,,,,,,,,,,,,,,0.2800000011920929,,,,,,,0,0,0.0,0.0,,,,,,,
-86.8,29.1,0,-1,4,2020,105,0,0.0,42.119412389063555,,,,,,,,,,,,,,,,,,,,,,,,,,,,,,,,,,0.23999999463558197,,,,,,,0,0,0.0,0.0,,,,,,,
-86.8,29.2,0,-1,4,2020,105,0,0.0,38.87708322392512,,,,,,,,,,,,,,,,,,,,,,,,,,,,,,,,,,0.27000001072883606,,,,,,,0,0,0.0,0.0,,,,,,,
-86.8,29.3,0,-1,4,2020,105,0,0.0,35.61102357416872,,,,,,,,,,,,,,,,,,,,,,,,,,,,,,,,,,0.28999999165534973,,,,,,,0,0,0.0,0.0,,,,,,,
-86.8,29.4,0,-1,4,2020,105,0,0.0,32.37068117911639,,,,,,,,,,,,,,,,,,,,,,,,,,,,,,,,,,0.3700000047683716,,,,,,,0,0,0.0,0.0,,,,,,,
-86.8,29.5,0,-1,4,2020,105,0,0.0,29.117036250277945,,,,,,,,,,,,,,,,,,,,,,,,,,,,,,,,,,0.3100000023841858,,,,,,,0,0,0.0,0.0,,,,,,,
-86.8,29.6,0,-1,4,2020,105,0,0.0,25.87073443101297,,,,,,,,,,,,,,,,,,,,,,,,,,,,,,,,,,0.30000001192092896,,,,,,,0,0,0.0,0.0,,,,,,,
-86.8,29.7,0,-1,4,2020,105,0,0.0,22.58960159011221,,,,,,,,,,,,,,,,,,,,,,,,,,,,,,,,,,0.20000000298023224,,,,,,,0,0,0.0,0.0,,,,,,,
-86.8,29.8,0,-1,4,2020,105,0,0.0,19.339089947564748,,,,,,,,,,,,,,,,,,,,,,,,,,,,,,,,,,0.3199999928474426,,,,,,,0,0,0.0,0.0,,,,,,,
-86.8,29.9,0,-1,4,2020,105,0,0.0,16.046494944379596,,,,,,,,,,,,,,,,,,,,,,,,,,,,,,,,,,0.25,,,,,,,0,0,0.0,0.0,,,,,,,
-86.8,30.0,0,-1,4,2020,105,0,0.0,12.762276442704099,,,,,,,,,,,,,,,,,,,,,,,,,,,,,,,,,,0.3400000035762787,,,,,,,0,0,0.0,0.0,,,,,,,
-86.8,30.1,0,-1,4,2020,105,0,0.0,9.4710717450561,,,,,,,,,,,,,,,,,,,,,,,,,,,,,,,,,,0.33000001311302185,,,,,,,0,0,0.0,0.0,-1.0,,,,,,
-86.8,30.2,0,-1,4,2020,105,0,0.0,6.240937429585399,,,,,,,,,,,,,,,,,,,,,,,,,,,,,,,,,,0.3499999940395355,,,,,,,0,0,0.0,0.0,-1.0,,,,,,
-86.8,30.3,0,-1,4,2020,105,0,0.0,2.900706810417075,,,,,,,,,,,,,,,,,,,,,,,,,,,,,,,,,,0.4399999976158142,,,,,0.0,,0,0,0.0,0.0,-1.0,,,,,,
-86.8,30.4,0,-1,4,2020,105,0,0.0,0.18248287590894657,0,0,0,0,0,0,0,,,11.599999576807022,12.799999624490738,42.50000020861626,132.59999680519104,231.99999848008156,657.4000085294247,1326.100007802248,0.7942857146263123,0.8870000243186951,0.6573333144187927,29.571428298950195,31.266666412353516,23.211111068725586,14.646666526794434,16.601110458374023,299.1714172363281,299.0233459472656,294.14111328125,48.939998626708984,49.606666564941406,-1.940000057220459,-1.3200000524520874,-1.0199999809265137,-1.6100000143051147,1.399999976158142,0.0,0.006431823931191501,0.030100556539337214,0.0,0.2224639862395184,0.0,0,0,3.796906008023902,3.8251200191378176,0.40468227424749165,0.17940038442611694,0.17489899694919586,,,,
-86.8,30.5,0,-1,4,2020,105,48,0.0,0.12369316876852982,0,0,1,0,0,0,0,0.5439,0.41000000000000003,34.29999923706055,36.19999921321869,67.89999997615814,153.00000143051147,248.4000028371811,740.5999927222729,1660.5999982059002,0.9228571653366089,1.0056666135787964,0.7319999933242798,29.428571701049805,31.866666793823242,23.733333587646484,14.666666984558105,16.530000686645508,299.8999938964844,300.0433349609375,294.8166809082031,43.34000015258789,45.39555740356445,-1.0,0.8600000143051147,1.5199999809265137,1.0199999809265137,0.6000000238418579,0.01933002732516951,0.16591833250067983,0.02944115247677529,0.0,0.02719671939572289,8.063037140562453E-4,5,0,7.307450496663548,4.243445957322007,-0.06717179076205741,0.15693944692611694,0.09540070593357086,301.83,291.3333333333333,17.1,40.900000000000006
-86.8,30.6,0,-1,4,2020,105,47,0.0,0.0,0,0,0,0,0,0,1,0.6503,0.4209,36.000000953674316,37.3000009059906,52.40000110864639,126.80000007152557,253.89999788999557,682.7999994158745,1479.8999982774258,0.9671428799629211,1.0406666994094849,0.738777756690979,31.0,34.266666412353516,24.600000381469727,14.226666450500488,16.384445190429688,300.028564453125,300.2099914550781,294.7933349609375,41.31999969482422,44.50777816772461,-1.690000057220459,-1.0399999618530273,-1.1299999952316284,-1.809999942779541,0.5600000023841858,0.15007083586318562,0.5747663255884553,0.02304491354995384,0.0,0.2398364976501597,0.0,3,1,10.364433954586154,18.086812864862512,0.09133307423241352,0.13405126333236694,0.06144990399479866,303.14,288.71,23.3,45.400000000000006
-86.8,30.7,0,-1,4,2020,105,57,0.03948187828063965,0.0,1,0,0,0,0,0,0,0.7781,0.5711,29.800000190734863,31.100000143051147,50.400000154972076,125.30000007152557,301.30000483989716,703.7000092864037,1581.4000014960766,1.0528571605682373,1.1200000047683716,0.7664444446563721,32.71428680419922,35.56666564941406,24.58888816833496,13.736666679382324,16.211111068725586,300.5142822265625,300.7300109863281,294.9533386230469,39.28333282470703,44.171112060546875,-0.8799999952316284,0.7300000190734863,-1.2599999904632568,0.7300000190734863,0.550000011920929,0.17367329387362776,0.6148480507941326,0.0557205057911762,0.0771461185048869,0.18241635386841215,0.013745150304973494,17,71,16.08812484626527,36.53463994189639,0.18958031837916064,0.45106786489486694,0.8051480054855347,297.49,288.89,29.200000000000003,47.900000000000006
-86.8,30.8,0,-1,4,2020,105,48,0.0,0.042426406871192854,1,0,0,0,0,0,0,0.7663000000000001,0.42750000000000005,41.70000076293945,43.80000078678131,62.40000081062317,166.60000076889992,343.69999745488167,779.2999917268753,1490.4999942183495,1.1285713911056519,1.2289999723434448,0.8558889031410217,30.285715103149414,36.0,24.933332443237305,13.34000015258789,15.804444313049316,300.78570556640625,301.2366638183594,295.5199890136719,36.13666534423828,40.5977783203125,-0.8399999737739563,-0.07000000029802322,-1.399999976158142,-1.7100000381469727,0.3799999952316284,0.06450144179693428,0.7992929912540868,0.13845166349419147,0.0,0.12323517241309534,0.0,22,61,21.22596338670291,68.52598937198331,0.24571676425937974,0.45961278676986694,0.8124722242355347,297.7733333333333,285.5,34.6,47.6
-86.8,30.9,0,-1,4,2020,105,78,0.0,0.06,1,0,0,0,0,0,0,0.6529,0.4655,63.69999885559082,69.09999871253967,85.99999904632568,197.299999833107,360.50000393390656,810.8000037372112,1453.600000411272,1.0485714673995972,1.1753333806991577,0.8111110925674438,26.285715103149414,33.46666717529297,23.011110305786133,14.0600004196167,16.418888092041016,300.4428405761719,300.97332763671875,295.1177673339844,36.4900016784668,41.114444732666016,-1.7300000190734863,-1.190000057220459,-2.1700000762939453,-2.7300000190734863,0.3799999952316284,0.06013858681907845,0.6088907156520222,0.1014085397663499,0.034061052531735594,0.09864524033300921,0.0024187046492878243,20,61,19.040058933296514,53.13221207154873,0.11996962794229309,0.46718114614486694,0.8185757398605347,296.41,290.43,27.1,49.400000000000006
-86.8,31.0,0,-1,4,2020,105,68,0.011111948639154434,0.21633307652783934,1,0,0,0,0,0,0,0.7783,0.3613,22.999999523162842,33.799999356269836,51.299999356269836,162.89999893307686,307.5000015795231,771.7000004351139,1459.0000015497208,1.0528571605682373,1.187999963760376,0.8103333115577698,29.285715103149414,34.66666793823242,22.877777099609375,13.623332977294922,16.315555572509766,300.5,301.0333251953125,295.0755615234375,36.643333435058594,41.47222137451172,-1.6100000143051147,-0.9900000095367432,-1.809999942779541,-2.309999942779541,0.36000001430511475,0.0,0.8250035570310646,0.08197296656390803,0.009675124496087269,0.0839740220718303,0.02418781124021817,14,20,23.515143404062048,75.89287624604907,0.23704185643027542,0.46119970083236694,0.8132046461105347,297.0866666666667,289.83,34.4,52.7
-86.8,31.1,0,-1,4,2020,105,68,0.0,0.12369316876852982,1,0,0,0,0,0,0,0.8424,0.4655,14.899999499320984,34.89999869465828,58.29999831318855,173.4999988079071,320.09999626874924,789.9999965429306,1564.9999965429306,1.0657142400741577,1.1953333616256714,0.8251110911369324,30.285715103149414,35.70000076293945,23.799999237060547,13.143333435058594,15.833333015441895,300.4285583496094,300.8233337402344,295.042236328125,37.84000015258789,42.36888885498047,-0.7400000095367432,-0.03999999910593033,-1.5,-1.659999966621399,0.4000000059604645,0.01805949008498584,0.8970256274067185,0.02583606806153612,0.0,0.07256499295630381,0.004030957755562721,17,0,18.06612382423137,61.33424372866267,0.2944038929440389,0.27431005239486694,0.30124178528785706,297.54,286.75,35.9,53.2
-86.8,31.2,0,-1,4,2020,105,79,0.0038555737119168043,0.18248287590894657,1,0,0,0,0,0,0,0.8363,0.4314,17.499999523162842,46.59999877214432,70.09999841451645,190.39999681711197,336.89999774098396,844.600001335144,1654.2999970912933,1.085714340209961,1.2026666402816772,0.8251110911369324,28.14285659790039,35.20000076293945,23.711111068725586,13.229999542236328,15.84666633605957,300.3999938964844,300.84332275390625,295.0111083984375,38.17333221435547,42.9022216796875,-0.09000000357627869,1.2200000286102295,-1.2300000190734863,0.6499999761581421,0.4000000059604645,0.0,0.7680140375282565,0.11374824135696099,0.0,0.23653199973090552,0.05602048720340186,28,94,20.193721638388432,72.40010405967536,0.2613465261346526,0.27186864614486694,0.30087557435035706,298.0833333333333,289.32,41.6,55.300000000000004
-86.8,31.3,0,-1,4,2020,105,53,0.0,0.2830194339616981,0,0,0,0,1,0,0,0.8668,0.5034000000000001,19.19999933242798,35.29999911785126,51.399999141693115,159.69999861717224,304.0999983549118,849.6000003516674,1693.2999979257584,1.1100000143051147,1.2400000095367432,0.862666666507721,34.71428680419922,37.79999923706055,25.16666603088379,12.803333282470703,15.531110763549805,300.29998779296875,300.9800109863281,295.2588806152344,37.310001373291016,41.54111099243164,1.1699999570846558,2.069999933242798,0.9900000095367432,1.2699999809265137,1.409999966621399,0.0,0.624402859319821,0.2567191170379926,0.04675955346049151,0.1927814563841933,0.03843831311512209,22,95,19.896838287044556,70.07817162370331,0.28540721280152853,0.22664159536361694,0.21457184851169586,297.8833333333333,285.52,33.300000000000004,52.6
-86.8,31.4,0,-1,4,2020,105,94,0.026264574378728867,0.3059411708155671,1,0,0,0,0,0,0,0.8568,0.538,24.29999953508377,40.199999153614044,64.09999889135361,173.99999752640724,316.89999651908875,837.299997240305,1664.4999873042107,1.028571367263794,1.190000057220459,0.836222231388092,33.42856979370117,36.733333587646484,24.788888931274414,12.883333206176758,15.597777366638184,299.6714172363281,300.5733337402344,295.0566711425781,38.8466682434082,42.43888854980469,-0.7699999809265137,1.1100000143051147,-1.100000023841858,1.059999942779541,0.4000000059604645,0.0,0.6802146002801059,0.028023230448706825,0.050747844670875654,0.07274765171482606,0.08461662488263064,16,100,18.46942263727732,74.62680239314766,0.32396969136943266,0.22664159536361694,0.21457184851169586,297.2033333333333,285.94,33.1,52.800000000000004
-86.8,31.5,0,-1,4,2020,105,89,0.009849521331489086,0.31320919526731655,0,0,0,1,0,0,0,0.8033,0.517,37.999999046325684,55.29999828338623,84.39999890327454,190.40000009536743,335.30000215768814,771.700008392334,1661.90001642704,1.031428575515747,1.193666696548462,0.8455555438995361,32.85714340209961,36.400001525878906,25.35555648803711,12.953332901000977,15.332221984863281,299.6285705566406,300.52667236328125,295.00665283203125,38.6966667175293,42.197776794433594,-0.7400000095367432,1.2200000286102295,0.8299999833106995,1.190000057220459,0.3799999952316284,0.0,0.6781072870334365,0.03767912521457088,0.0,0.08674615919580203,0.15108004640737957,7,0,18.262896432944473,60.446682897466474,0.2324391378508296,0.22578710317611694,0.24002350866794586,295.5133333333333,288.32,32.9,52.300000000000004
-86.8,31.6,0,-1,4,2020,105,96,0.0,0.563648826841678,1,0,0,0,0,0,0,0.7906000000000001,0.4978,38.50000047683716,55.10000067949295,90.7000008225441,215.00000095367432,356.7999995648861,808.2999998927116,1583.0000023245811,1.01714289188385,1.184000015258789,0.8442222476005554,29.85714340209961,35.06666564941406,24.933332443237305,13.176666259765625,15.327777862548828,299.6856994628906,300.46331787109375,294.92889404296875,38.84333419799805,42.29666519165039,0.7300000190734863,1.4900000095367432,1.0499999523162842,1.0199999809265137,0.3499999940395355,0.0,0.633285489367891,0.14449615245995973,0.0,0.15894179744320644,0.0,24,0,19.992626499928683,62.14871913261269,0.2252037368316438,0.30885595083236694,0.33371248841285706,296.68666666666667,288.46,22.1,47.7
-86.8,31.7,0,-1,4,2020,105,102,0.02708909846842289,0.15297058540778355,1,0,0,0,0,0,0,0.8297,0.4757,33.39999961853027,47.89999961853027,79.1999988257885,219.0000002682209,353.5999991595745,829.7999964356422,1519.99999666214,0.9785714149475098,1.152333378791809,0.8305555582046509,31.428571701049805,34.79999923706055,24.711111068725586,13.053333282470703,15.225555419921875,299.3000183105469,300.1400146484375,294.71112060546875,39.79999923706055,42.93777847290039,0.8299999833106995,1.5199999809265137,0.949999988079071,0.7799999713897705,0.3100000023841858,0.0039967621167661645,0.7082961895188052,0.05278531191320674,0.0,0.054244946636603904,0.022671952152444528,22,96,19.292040621939602,72.42284281653879,0.232623197761997,0.31178563833236694,0.31576815247535706,296.0833333333333,288.1666666666667,32.9,49.400000000000006
-86.8,31.8,0,-1,4,2020,105,129,0.003990595228970051,0.0,1,0,0,0,0,0,0,0.7412000000000001,0.4798,45.49999988079071,60.400000274181366,103.49999994039536,278.00000274181366,412.9000034034252,860.5000046789646,1540.4000013768673,0.9742857217788696,1.1636666059494019,0.8344444632530212,32.28571319580078,34.599998474121094,24.566667556762695,12.880000114440918,15.181111335754395,299.3143005371094,300.1666564941406,294.72222900390625,39.869998931884766,43.03555679321289,1.100000023841858,1.5099999904632568,0.7900000214576721,0.8700000047683716,0.25999999046325684,0.06950275684151952,0.6923159598411853,0.0065466707128948205,0.0,0.02361065382454256,0.08997483751865058,19,70,16.438574661241503,77.78284371894429,-0.031233267892200607,0.32045263051986694,0.32431307435035706,296.48333333333335,285.84000000000003,14.4,45.7
-86.8,31.9,0,-1,4,2020,105,128,0.0022207461297512054,0.2580697580112788,1,0,0,0,0,0,0,0.8602000000000001,0.5358,61.5,68.8000001013279,109.90000090003014,311.00000390410423,450.00000616908073,871.4000065028667,1592.4000014960766,0.904285728931427,1.1163333654403687,0.8065555691719055,33.85714340209961,33.79999923706055,23.433332443237305,13.08666706085205,15.523333549499512,298.6999816894531,299.7900085449219,294.4644470214844,40.65666580200195,43.282222747802734,1.1299999952316284,1.5700000524520874,0.6899999976158142,0.6000000238418579,0.3400000035762787,0.0,0.7812047568169028,0.06721437919240325,2.686931397899768E-4,0.04842788288903387,0.02594311292066282,22,100,22.295778718575885,87.91567957489279,0.3819076457229372,0.38478368520736694,0.40060701966285706,295.3433333333333,285.915,34.4,52.300000000000004
-86.8,32.0,0,-1,4,2020,105,139,0.0,0.18973665961010278,1,0,0,0,0,0,0,0.8727,0.668,66.89999693632126,73.39999711513519,109.89999654889107,343.49999848008156,482.49999713897705,883.499997138977,1562.599997907877,0.8185714483261108,1.0726666450500488,0.7794444561004639,33.0,32.29999923706055,22.33333396911621,13.229999542236328,15.80555534362793,297.94287109375,299.433349609375,294.2099914550781,41.266666412353516,43.46333312988281,1.2300000190734863,1.6200000047683716,-0.9599999785423279,-1.850000023841858,0.3400000035762787,0.0,0.8804388712751731,0.0016121027826158417,0.0,0.015673202773040743,0.01485979447270014,25,100,22.7164345736018,89.67882353255627,0.359349593495935,0.38222020864486694,0.39596834778785706,294.90000000000003,287.62666666666667,,
-86.8,32.1,0,-1,4,2020,105,110,0.0016062959330156446,0.36,1,0,0,0,0,0,0,0.7732,0.5021,49.400000870227814,54.20000097155571,78.60000023245811,321.40000036358833,470.99999994039536,852.1000038683414,1555.8000003099442,0.8371428847312927,1.0670000314712524,0.7648888826370239,31.85714340209961,31.83333396911621,21.344444274902344,13.59666633605957,16.229999542236328,298.1571350097656,299.5400085449219,294.1011047363281,40.5433349609375,42.87333297729492,1.5099999904632568,1.9500000476837158,0.8199999928474426,0.6700000166893005,0.3799999952316284,0.0,0.734066059117505,0.07250128811802006,0.0,0.09241131053916378,0.05910486070939742,19,99,19.709289248762936,90.28420619833827,0.15505359877488514,0.31666845083236694,0.32077303528785706,295.995,285.24,33.6,48.300000000000004
-86.8,32.2,0,-1,4,2020,105,99,0.005132030230015516,0.24186773244895649,0,1,0,0,0,0,0,0.6558,0.3914,30.600000023841858,34.1000000834465,64.80000078678131,311.30000004172325,477.90000066161156,895.1000021100044,1574.7000023722649,0.7671428322792053,1.006666660308838,0.7163333296775818,28.428571701049805,29.83333396911621,19.655555725097656,14.053333282470703,16.65999984741211,297.4571533203125,299.00665283203125,293.55889892578125,41.75,44.03111267089844,2.4000000953674316,2.950000047683716,1.4600000381469727,1.440000057220459,0.3199999928474426,0.0,0.5856363021427654,0.008932663646966979,0.0,0.046396572484498654,0.2906529442072026,17,100,17.925947237841886,59.86075662412824,0.21347898537307905,0.38966649770736694,0.40854158997535706,295.075,285.91,33.1,47.800000000000004
-86.8,32.3,0,-1,4,2020,105,41,0.0,0.03,1,0,0,0,0,0,0,0.8322,0.6048,24.10000005364418,26.900000005960464,51.40000042319298,300.599999576807,470.59999719262123,901.7999957799911,1511.6999956667423,0.7928571701049805,1.0083333253860474,0.7172222137451172,29.285715103149414,29.46666717529297,19.27777862548828,14.426666259765625,16.938888549804688,297.9142761230469,299.2799987792969,293.79888916015625,41.54999923706055,43.939998626708984,2.190000057220459,2.869999885559082,1.0,0.8600000143051147,0.47999998927116394,0.0740403580640267,0.30231881859100773,0.10356610023769781,0.17081689677843517,0.1253570229344252,0.2886164213826933,22,0,14.660004264229142,38.78449702029715,0.25859975718332656,0.38661473989486694,0.40768709778785706,296.236,284.825,26.8,48.400000000000006
-86.8,32.4,0,-1,4,2020,105,64,0.004364494234323502,0.21633307652783934,1,0,0,0,0,0,0,0.8378,0.6194000000000001,22.200000047683716,25.100000143051147,47.90000078082085,277.80000299215317,459.1000066995621,896.3000048995018,1431.1000079214573,0.7857142686843872,1.0019999742507935,0.7045555710792542,27.85714340209961,28.96666717529297,18.88888931274414,14.50666618347168,17.04222297668457,297.8857116699219,299.3600158691406,293.8611145019531,41.95000076293945,44.571109771728516,2.2899999618530273,2.930000066757202,1.1799999475479126,1.1100000143051147,0.6200000047683716,0.0,0.5860123459521656,0.12402529877141032,0.018537892843709616,0.17055491332987452,0.21108543866691543,24,100,21.34140401415117,67.98805196464019,0.3182471264367816,0.24959081411361694,0.27035799622535706,293.36,283.2266666666667,25.700000000000003,48.7
-86.8,32.5,0,-1,4,2020,105,132,0.050931934267282486,0.03,0,0,0,1,0,0,0,0.6791,0.4742,26.90000033378601,30.100000381469727,49.30000054836273,277.50000101327896,464.8000034093857,929.3999994397163,1441.6999984383583,0.7400000095367432,0.9666666388511658,0.6814444661140442,28.0,28.700000762939453,18.577777862548828,14.4399995803833,16.962223052978516,297.1428527832031,298.8133239746094,293.3833312988281,42.599998474121094,44.947776794433594,1.7300000190734863,2.2200000286102295,-1.399999976158142,0.8999999761581421,0.5400000214576721,0.038694992412746584,0.7193066740837197,0.009080622526770924,0.02378092721595003,0.028563684485721177,0.11599997471459093,14,0,21.21492926641915,66.3783928186944,0.21578947368421053,0.25929540395736694,0.26095858216285706,295.86,285.105,19.900000000000002,47.400000000000006
-86.8,32.6,0,-1,4,2020,105,108,0.0117931067943573,0.15297058540778355,1,0,0,0,0,0,0,0.7937000000000001,0.5338,30.299999237060547,35.69999933242798,58.79999953508377,338.3000007867813,536.4000002741814,1000.1999980509281,1550.499996483326,0.727142870426178,0.9380000233650208,0.6688888669013977,27.0,26.799999237060547,17.53333282470703,14.766666412353516,17.10555648803711,296.71429443359375,298.32000732421875,292.91778564453125,43.209999084472656,45.099998474121094,2.2300000190734863,2.680000066757202,0.7599999904632568,1.2699999809265137,0.4399999976158142,0.006879457736860741,0.6656120710635192,0.05583878277964431,0.0,0.08406052426517766,0.041906742563836745,23,100,19.634804091216456,82.92376845917347,0.2801831806827644,0.18794530630111694,0.16336335241794586,295.2,284.925,34.1,50.6
-86.8,32.7,0,-1,4,2020,105,159,0.005126854870468378,0.08485281374238571,1,0,0,0,0,0,0,0.8209000000000001,0.5099,35.80000019073486,43.10000038146973,77.90000024437904,344.599999576807,604.399994879961,1100.2999960780144,1569.0999946296215,0.7571428418159485,0.9493333101272583,0.6784444451332092,27.14285659790039,27.133333206176758,18.27777862548828,14.486666679382324,16.8266658782959,296.55712890625,298.0966796875,292.77667236328125,43.040000915527344,44.606666564941406,2.5999999046325684,2.869999885559082,-1.7799999713897705,-2.2200000286102295,0.4699999988079071,0.08122186820411673,0.5489743670786059,0.018647871298081486,0.0,0.07208350631035337,0.12226682259237019,26,100,19.801299927066825,61.05184916029236,0.2816063460585027,0.23799413442611694,0.25497713685035706,295.13,285.265,31.5,47.5
-86.8,32.8,0,-1,4,2020,105,116,0.0224611759185791,0.042426406871192854,0,0,0,1,0,0,0,0.7402000000000001,0.5588000000000001,52.599999606609344,59.89999979734421,101.59999966621399,370.2999999523163,641.9000005126,1150.0000036358833,1577.7000028192997,0.7699999809265137,0.9570000171661377,0.6814444661140442,24.0,25.96666717529297,17.755556106567383,14.763333320617676,16.95888900756836,296.6571350097656,298.2066650390625,292.84112548828125,43.02333450317383,44.71888732910156,3.0199999809265137,3.200000047683716,-1.9600000381469727,-2.75,0.699999988079071,0.07070604895812257,0.3844857993514413,0.28034349576793477,0.004835742776411686,0.14652613652337573,0.2778782151368229,15,0,21.10531361198152,66.96736746177238,0.21029045643153527,0.32179540395736694,0.34958162903785706,294.5,284.58,22.1,47.800000000000004
-86.8,32.9,0,-1,4,2020,105,167,0.051712483167648315,0.22847319317591727,1,0,0,0,0,0,0,0.8089000000000001,0.5594,54.60000002384186,61.90000021457672,117.19999945163727,402.9000052511692,660.2000080943108,1198.3000060915947,1620.600007146597,0.7228571176528931,0.9129999876022339,0.6538888812065125,23.285715103149414,24.766666412353516,17.122222900390625,14.946666717529297,17.081111907958984,295.9285583496094,297.6000061035156,292.3733215332031,44.31999969482422,45.34333419799805,3.0899999141693115,3.240000009536743,-1.7599999904632568,-2.509999990463257,0.6499999761581421,0.0,0.6014556417970827,0.01990367355194297,0.0,0.044474973441626445,0.16824261117993583,23,100,20.010790073132707,63.23462974577198,0.25535561268209084,0.37013524770736694,0.40048494935035706,294.02,284.48,30.0,49.900000000000006
-86.8,33.0,0,-1,4,2020,105,211,0.06113840267062187,0.06,1,0,0,0,0,0,0,0.8307,0.6296,54.70000147819519,61.20000147819519,131.1000006198883,411.1999958753586,668.1999967694283,1213.3000003397465,1598.2999978363514,0.6971428394317627,0.9013333320617676,0.6467778086662292,22.571428298950195,23.5,16.455554962158203,15.199999809265137,17.22888946533203,295.6000061035156,297.42333984375,292.20001220703125,44.380001068115234,45.29777908325195,3.240000009536743,3.359999895095825,-1.659999966621399,-2.890000104904175,0.9399999976158142,0.07531613555892767,0.6749587555229679,0.010135711712167284,0.0,0.02457889100464464,0.14428929919154512,24,100,21.65453705385281,71.48355804837567,0.3083717357910906,0.37013524770736694,0.40048494935035706,293.38,284.945,29.0,47.300000000000004
-86.8,33.1,0,-1,4,2020,105,150,0.016826696693897247,0.0,0,0,0,0,0,0,1,0.5481,0.3821,28.100000858306885,34.000000953674316,108.29999959468842,395.19999718666077,648.3999987542629,1219.7999939024448,1603.0999945998192,0.7599999904632568,0.9783333539962769,0.6913333535194397,28.714284896850586,25.566667556762695,17.85555648803711,14.359999656677246,16.594444274902344,295.81427001953125,297.7066650390625,292.33221435546875,42.71333312988281,44.108890533447266,3.2899999618530273,3.380000114440918,-1.6100000143051147,-2.940000057220459,40.16999816894531,0.6442477876106193,0.2935004519281211,0.008077820126287045,9.512612903021912E-4,0.00996056727705899,0.170079830100309,0,0,15.130246443314475,33.932282824228956,0.06975609756097562,0.30690282583236694,0.31967440247535706,295.29,285.12666666666667,,
-86.8,33.2,0,-1,4,2020,105,209,1.1431994438171387,0.03,1,0,0,0,0,0,0,0.8296,0.6241,25.49999988079071,31.399999976158142,97.700000166893,397.3999973535538,675.099994957447,1261.6999942660332,1686.9999938309193,0.7257142663002014,0.9413332939147949,0.6684444546699524,27.714284896850586,25.600000381469727,17.94444465637207,14.33666706085205,16.516666412353516,295.4142761230469,297.23333740234375,291.9488830566406,44.20000076293945,45.21555709838867,3.6700000762939453,3.859999895095825,-1.1399999856948853,-2.5299999713897705,3.059999942779541,0.3486113219001366,0.3893586899502599,0.022357685039469607,0.0,0.0361384318946082,0.10244085878791323,24,86,18.918860379390917,48.39260669706552,0.2942698706099815,0.42640966176986694,0.44797030091285706,295.73,285.3266666666667,26.6,49.1
-86.8,33.3,0,-1,4,2020,105,168,0.8197429180145264,0.0670820393249937,0,0,0,1,0,0,0,0.8267,0.5688,32.69999980926514,38.89999961853027,106.39999973773956,409.29999777674675,683.0999938547611,1295.6000002920628,1760.6000013649464,0.7314285635948181,0.9416666626930237,0.6693333387374878,27.571428298950195,25.200000762939453,17.58888816833496,14.736666679382324,16.760000228881836,295.5714416503906,297.46331787109375,292.1055603027344,43.71666717529297,44.89444351196289,4.170000076293945,4.420000076293945,-0.5799999833106995,-1.9500000476837158,4.619999885559082,0.3576993120194253,0.3088647036145189,0.0024174740714055488,0.0,0.0026573907416021186,0.02959746686638479,22,0,19.901568753160113,38.66193658512169,0.3050497465740567,0.33510106801986694,0.36459627747535706,294.62,289.76,34.2,50.900000000000006
-86.8,33.4,0,-1,4,2020,105,189,22.090057373046875,0.0,0,0,0,0,0,0,1,0.3957,0.22340000000000002,77.5,88.30000019073486,137.60000002384186,382.7999997138977,674.0999984741211,1241.2000005841255,1778.1000021398067,0.6885714530944824,0.9039999842643738,0.6461111307144165,27.428571701049805,25.266666412353516,17.55555534362793,14.823333740234375,16.73444366455078,294.9571533203125,297.0033264160156,291.64556884765625,45.060001373291016,46.171112060546875,3.7300000190734863,4.150000095367432,-0.5199999809265137,-1.8200000524520874,25.079999923706055,1.0,0.05297169870944096,0.0,0.0,0.0014181679191710012,0.0022531063162817755,20,31,20.412647194544654,31.231183347410475,0.19036249186021273,0.30726903676986694,0.32199373841285706,296.63,283.07,,
-86.8,33.5,0,-1,4,2020,105,207,85.60111999511719,0.0,0,0,0,0,0,0,1,0.3527,0.18460000000000001,82.90000307559967,95.5000034570694,188.90000307559967,449.40000385046005,721.3999992012978,1281.9999976456165,1878.6999967992306,0.7142857313156128,0.9300000071525574,0.6696666479110718,26.14285659790039,22.46666717529297,17.066667556762695,15.073333740234375,16.72888946533203,294.71429443359375,296.8766784667969,291.6011047363281,44.25666809082031,45.3033332824707,4.329999923706055,4.309999942779541,1.090000033378601,-1.6699999570846558,195.1300048828125,1.0,0.04278603820689875,0.0,0.0,1.289213579716373E-4,0.0,0,0,12.75381393705949,14.836358619239725,0.11920827710301395,0.34535497426986694,0.35666170716285706,301.15000000000003,284.0,,
-86.8,33.6,0,-1,4,2020,105,184,0.0,0.0,0,0,0,0,0,0,1,0.5922000000000001,0.4404,97.30000162124634,112.70000123977661,221.30000114440918,475.99999886751175,746.3000031411648,1318.7000061571598,2017.9000025987625,0.7028571367263794,0.9206666946411133,0.6618888974189758,25.285715103149414,22.33333396911621,16.600000381469727,15.213333129882812,16.844444274902344,294.471435546875,296.6700134277344,291.39666748046875,44.0533332824707,45.11111068725586,5.699999809265137,5.659999847412109,3.1600000858306885,2.25,39.75,0.9232520489729842,0.3347563808037113,6.951971357878009E-5,0.0,0.0019332493097885405,0.01604957387575564,0,0,19.68033310621545,56.57361831932816,0.18331822302810516,0.44069188833236694,0.46078768372535706,295.37,286.83,15.100000000000001,45.800000000000004
-86.8,33.7,0,-1,4,2020,105,152,4.895192687399685E-4,0.2716615541441225,1,0,0,0,0,0,0,0.8621000000000001,0.62,106.79999685287476,124.29999685287476,228.19999599456787,485.39999705553055,770.2000012695789,1371.7000008821487,2125.999990284443,0.7028571367263794,0.9083333015441895,0.6501110792160034,25.0,21.33333396911621,15.45555591583252,15.426666259765625,17.20222282409668,294.3857116699219,296.61334228515625,291.31109619140625,43.6533317565918,44.790000915527344,6.190000057220459,6.329999923706055,4.099999904632568,3.25,1.0,0.0,0.7983606194760184,0.005640505465128408,0.0,0.0028361551644818335,0.08133387684422413,26,100,24.945207920054877,82.10925590407695,0.33024939662107805,0.32387059926986694,0.34335604310035706,292.33,294.02,31.0,48.7
-86.8,33.8,0,-1,4,2020,105,122,0.08258192986249924,0.09486832980505139,1,0,0,0,0,0,0,0.8377,0.5557,96.20000302791595,111.20000302791595,222.30000436306,490.50000607967377,805.4000077545643,1468.1000138819218,2260.2000220119953,0.6728571653366089,0.8773333430290222,0.633222222328186,22.14285659790039,18.200000762939453,13.355555534362793,16.373332977294922,17.78333282470703,294.4142761230469,296.6766662597656,291.3800048828125,43.62333297729492,44.56222152709961,6.570000171661377,6.659999847412109,4.199999809265137,2.619999885559082,1.350000023841858,0.04896555212706763,0.6672375222760083,0.0031691965470608324,0.0,0.004125168532850448,0.10697855183832361,21,100,22.47528025410785,68.41804257637347,0.3014751714107625,0.33583348989486694,0.34897127747535706,293.48,279.0,27.1,50.2
-86.8,33.9,0,-1,4,2020,105,184,0.14865633845329285,0.09,0,0,0,1,0,0,0,0.8541000000000001,0.5161,101.49999690055847,111.19999670982361,217.29999566078186,449.7999938726425,745.9999907910824,1466.0999866127968,2180.0999883413315,0.5714285969734192,0.7823333144187927,0.5681111216545105,20.85714340209961,16.700000762939453,12.666666984558105,16.90333366394043,18.11777687072754,293.1142883300781,295.6333312988281,290.39666748046875,46.41666793823242,47.29888916015625,6.159999847412109,6.28000020980835,4.010000228881836,2.2300000190734863,0.5299999713897705,0.05501339940334732,0.7287294214301516,0.008686447372578765,0.0,0.004272735177370074,0.1731285745884287,20,0,22.559970335196557,75.24048040097944,0.33011542497376706,0.26539891958236694,0.24954499304294586,292.04,293.82,29.400000000000002,48.6
-86.8,34.0,0,-1,4,2020,105,175,0.04787653312087059,0.09486832980505139,1,0,0,0,0,0,0,0.8121,0.41850000000000004,102.49999678134918,106.99999678134918,245.69999659061432,476.8999967575073,754.3999952375889,1397.2999957501888,2069.2999908924103,0.4871428608894348,0.6933333277702332,0.5059999823570251,17.285715103149414,13.566666603088379,10.755555152893066,18.040000915527344,18.85444450378418,292.24285888671875,294.95001220703125,289.71221923828125,48.4566650390625,49.137779235839844,5.949999809265137,5.739999771118164,3.5899999141693115,2.0799999237060547,0.5099999904632568,0.05096571948629791,0.8770419802706003,0.004028665137353785,0.0,0.012605634621616115,0.009728831339539062,24,98,22.4900273213267,76.15928426597547,0.2822255255892971,0.27260106801986694,0.25485506653785706,291.51,277.98,32.9,51.900000000000006
-86.8,34.1,0,-1,4,2020,105,218,0.6075322031974792,0.03,1,0,0,0,0,0,0,0.7315,0.47500000000000003,103.29999887943268,106.89999878406525,237.09999811649323,463.8000011444092,734.6000033915043,1364.0999973118305,2032.999996572733,0.49714285135269165,0.6983333230018616,0.5099999904632568,17.714284896850586,13.966666221618652,10.899999618530273,17.883333206176758,18.778888702392578,292.3428649902344,294.92999267578125,289.6866760253906,48.65666580200195,49.317779541015625,4.369999885559082,4.190000057220459,2.4100000858306885,1.3799999952316284,2.309999942779541,0.36102543358446676,0.3548821293496498,0.005624172567308393,0.0032228404599182925,0.005500915976819516,0.4378734308400559,24,70,17.99888140787769,34.68335738724891,0.15931419764977847,0.27443212270736694,0.25619783997535706,292.52,287.27,22.0,47.2
-86.8,34.2,0,-1,4,2020,105,249,0.0,0.03,0,0,0,0,0,0,1,0.499,0.2974,114.1999968290329,115.39999687671661,218.39999878406525,448.999997317791,696.9999986290932,1374.6999975442886,1908.7999975085258,0.49714285135269165,0.699999988079071,0.5212222337722778,17.0,13.366666793823242,10.288888931274414,17.850000381469727,18.72333335876465,292.5,295.0333251953125,289.83111572265625,48.36333465576172,48.78555679321289,3.569999933242798,3.4100000858306885,1.4500000476837158,0.5299999713897705,14.880000114440918,0.3374627092076655,0.2840617900667003,0.0025024408277012633,0.0313215857638922,0.0027069228984446443,0.2706680442729811,15,0,17.065365319763995,30.43993379123385,0.18792971734148206,0.29213231801986694,0.27072420716285706,293.515,285.5266666666667,21.5,48.5
-86.8,34.3,0,-1,4,2020,105,310,1.3336377143859863,0.03,1,0,0,0,0,0,0,0.7394000000000001,0.4859,150.1999969482422,152.09999692440033,255.49999618530273,433.5999966263771,726.9999969601631,1426.2000026106834,2138.6000021994114,0.5157142877578735,0.7536666393280029,0.5684444308280945,17.0,15.433333396911621,11.844444274902344,17.389999389648438,18.253334045410156,292.3571472167969,295.2266540527344,290.0577697753906,47.59333419799805,48.3466682434082,5.53000020980835,5.699999809265137,3.9000000953674316,2.890000104904175,1.1200000047683716,0.10263410688103543,0.46482508909839987,0.0,0.008056770214594444,0.001506346876301625,0.4030596769709073,27,59,20.659040308507777,48.50076027411526,0.23372576177285317,0.29445165395736694,0.27365389466285706,291.805,285.95,24.3,48.2
-86.8,34.4,0,-1,4,2020,105,330,1.169433355331421,0.042426406871192854,0,0,0,1,0,0,0,0.8199000000000001,0.536,143.80000591278076,144.20000591874123,242.30000641942024,416.00000658631325,701.6000031530857,1339.6000054478645,2021.8000040352345,0.5628571510314941,0.7926666736602783,0.586555540561676,19.285715103149414,16.16666603088379,12.966666221618652,17.003334045410156,18.01444435119629,292.4142761230469,295.17333984375,289.93890380859375,47.563331604003906,48.70888900756836,4.980000019073486,5.090000152587891,3.130000114440918,2.240000009536743,0.949999988079071,0.13375151760420878,0.7509786142380074,0.0,0.0,0.0035929203092499484,0.14373860652914977,17,0,24.854758757004685,78.08975805864426,0.2422633217359458,0.34047216176986694,0.33566561341285706,290.815,286.04,25.8,49.2
-86.8,34.5,0,-1,4,2020,105,221,0.1620909869670868,0.10816653826391967,0,0,1,0,0,0,0,0.8194,0.47240000000000004,124.89999884366989,125.19999885559082,280.9999983906746,461.49999898672104,720.4000034630299,1322.300004541874,1957.9000003039837,0.5628571510314941,0.7513333559036255,0.543666660785675,17.0,13.666666984558105,11.800000190734863,17.66666603088379,18.322221755981445,292.5142822265625,294.9433288574219,289.6099853515625,48.060001373291016,49.377777099609375,4.769999980926514,4.579999923706055,2.6700000762939453,2.3499999046325684,0.75,0.041061946902654876,0.4765559097558127,0.0016112776800128914,0.04201327566433614,0.02152992631958305,0.31221822386649795,23,0,19.12827543304329,54.24273814193061,0.20967741935483872,0.35890477895736694,0.36508455872535706,292.04,286.21,21.700000000000003,47.5
-86.8,34.6,0,-1,4,2020,105,180,0.0930541604757309,0.09,0,0,0,0,0,1,0,0.3685,0.21050000000000002,121.29999923706055,121.29999923706055,306.4000012874603,484.70000475645065,746.1000030934811,1343.500001579523,1894.5000020563602,0.5542857050895691,0.731333315372467,0.5298888683319092,17.14285659790039,13.433333396911621,11.533333778381348,17.753334045410156,18.40333366394043,292.5571594238281,294.8800048828125,289.56109619140625,48.88999938964844,50.081111907958984,3.9100000858306885,2.690000057220459,-0.9399999976158142,0.5600000023841858,1.399999976158142,0.037205540390253755,0.02314156636021863,0.032094904116513466,0.8336334628629197,0.2110369277472905,0.0687644141155657,0,0,4.801387287468665,3.8678679457712217,0.1491767836354565,0.35890477895736694,0.36508455872535706,293.94,283.4733333333333,14.100000000000001,44.800000000000004
-86.8,34.7,0,-1,4,2020,105,195,0.9812746644020081,0.03,0,0,0,1,0,0,0,0.8311000000000001,0.5909,117.30000340938568,117.30000340938568,336.00000512599945,508.30000734329224,803.3000012040138,1407.200013577938,1978.0000147223473,0.5642856955528259,0.7383333444595337,0.5355555415153503,18.85714340209961,14.600000381469727,11.899999618530273,17.356666564941406,18.255556106567383,292.25714111328125,294.663330078125,289.4033203125,48.016666412353516,49.127777099609375,4.78000020980835,3.619999885559082,1.399999976158142,1.4700000286102295,7.349999904632568,0.5019219097713936,0.126194207147551,0.030202699287266863,0.09748268715563875,0.058756662936534185,0.19506015265632126,6,0,15.280410929188227,20.570648596823084,0.21291258614435982,0.43422216176986694,0.45126619935035706,292.5,283.06,20.0,46.800000000000004
-86.8,34.8,0,-1,4,2020,105,224,0.02984766848385334,0.1341640786499874,0,0,0,0,0,1,0,0.5993,0.4047,95.79999804496765,95.79999804496765,270.8999946117401,434.39999717473984,723.4999976456165,1401.299995571375,1931.2999952733517,0.5400000214576721,0.690666675567627,0.49977776408195496,17.428571701049805,13.633333206176758,10.755555152893066,17.753334045410156,18.72333335876465,291.8999938964844,294.25,288.9466552734375,48.97666549682617,49.94444274902344,4.010000228881836,3.2300000190734863,0.3499999940395355,0.7699999809265137,2.799999952316284,0.04729148753224419,0.11008510611411929,0.03065273293612935,0.39129541993896627,0.022885874391525365,0.2196331654798986,0,0,9.931139910431833,12.370900244568388,0.15474520804114072,0.43410009145736694,0.44992342591285706,290.57,278.53000000000003,18.900000000000002,46.0
-86.8,34.9,0,-1,4,2020,105,256,0.3646492063999176,0.12,0,0,0,1,0,0,0,0.447,0.25720000000000004,76.80000019073486,76.80000019073486,232.6000018119812,384.9000024199486,702.5000026226044,1417.5000027418137,2035.8000008165836,0.5271428227424622,0.656000018119812,0.46933332085609436,17.85714340209961,13.300000190734863,10.144444465637207,17.989999771118164,19.05555534362793,291.72857666015625,293.90667724609375,288.5355529785156,49.733333587646484,50.80666732788086,5.400000095367432,5.0,3.0,1.8700000047683716,0.8500000238418579,0.03983419270043474,0.32236490862278644,0.027629562937339057,0.18997614873082802,0.03596517252759973,0.3962280244514995,7,0,16.861638029544373,33.33984464865007,0.028608795161026646,0.40407079458236694,0.43466463685035706,294.72,278.12,11.8,44.7
-86.7,24.6,0,-1,4,2020,105,0,0.0,1390.2285000315594,,,,,,,,,,,,,,,,,,,,,,,,,,,,,,,,,,0.33000001311302185,,,,,,,0,0,0.0,0.0,,,,,,,
-86.7,24.7,0,-1,4,2020,105,0,0.0,1390.2285000315594,,,,,,,,,,,,,,,,,,,,,,,,,,,,,,,,,,0.28999999165534973,,,,,,,0,0,0.0,0.0,,,,,,,
-86.7,24.8,0,-1,4,2020,105,0,0.0,1390.2285000315594,,,,,,,,,,,,,,,,,,,,,,,,,,,,,,,,,,0.3100000023841858,,,,,,,0,0,0.0,0.0,,,,,,,
-86.7,24.9,0,-1,4,2020,105,0,0.0,1390.2285000315594,,,,,,,,,,,,,,,,,,,,,,,,,,,,,,,,,,0.25999999046325684,,,,,,,0,0,0.0,0.0,,,,,,,
-86.7,25.0,0,-1,4,2020,105,0,0.0,1390.2285000315594,,,,,,,,,,,,,,,,,,,,,,,,,,,,,,,,,,0.2199999988079071,,,,,,,0,0,0.0,0.0,,,,,,,
-86.7,25.1,0,-1,4,2020,105,0,0.0,1390.2285000315594,,,,,,,,,,,,,,,,,,,,,,,,,,,,,,,,,,0.3400000035762787,,,,,,,0,0,0.0,0.0,,,,,,,
-86.7,25.2,0,-1,4,2020,105,0,0.0,1390.2285000315594,,,,,,,,,,,,,,,,,,,,,,,,,,,,,,,,,,0.30000001192092896,,,,,,,0,0,0.0,0.0,,,,,,,
-86.7,25.3,0,-1,4,2020,105,0,0.0,1390.2285000315594,,,,,,,,,,,,,,,,,,,,,,,,,,,,,,,,,,0.30000001192092896,,,,,,,0,0,0.0,0.0,,,,,,,
-86.7,25.4,0,-1,4,2020,105,0,0.0,1390.2285000315594,,,,,,,,,,,,,,,,,,,,,,,,,,,,,,,,,,0.3400000035762787,,,,,,,0,0,0.0,0.0,,,,,,,
-86.7,25.5,0,-1,4,2020,105,0,0.0,1390.2285000315594,,,,,,,,,,,,,,,,,,,,,,,,,,,,,,,,,,0.3100000023841858,,,,,,,0,0,0.0,0.0,,,,,,,
-86.7,25.6,0,-1,4,2020,105,0,0.0,1390.2285000315594,,,,,,,,,,,,,,,,,,,,,,,,,,,,,,,,,,0.3700000047683716,,,,,,,0,0,0.0,0.0,,,,,,,
-86.7,25.7,0,-1,4,2020,105,0,0.0,1390.2285000315594,,,,,,,,,,,,,,,,,,,,,,,,,,,,,,,,,,0.3400000035762787,,,,,,,0,0,0.0,0.0,,,,,,,
-86.7,25.8,0,-1,4,2020,105,0,0.0,1390.2285000315594,,,,,,,,,,,,,,,,,,,,,,,,,,,,,,,,,,0.30000001192092896,,,,,,,0,0,0.0,0.0,,,,,,,
-86.7,25.9,0,-1,4,2020,105,0,0.0,1390.2285000315594,,,,,,,,,,,,,,,,,,,,,,,,,,,,,,,,,,0.33000001311302185,,,,,,,0,0,0.0,0.0,,,,,,,
-86.7,26.0,0,-1,4,2020,105,0,0.0,1390.2285000315594,,,,,,,,,,,,,,,,,,,,,,,,,,,,,,,,,,0.27000001072883606,,,,,,,0,0,0.0,0.0,,,,,,,
-86.7,26.1,0,-1,4,2020,105,0,0.0,1390.2285000315594,,,,,,,,,,,,,,,,,,,,,,,,,,,,,,,,,,0.30000001192092896,,,,,,,0,0,0.0,0.0,,,,,,,
-86.7,26.2,0,-1,4,2020,105,0,0.0,1390.2285000315594,,,,,,,,,,,,,,,,,,,,,,,,,,,,,,,,,,0.3100000023841858,,,,,,,0,0,0.0,0.0,,,,,,,
-86.7,26.3,0,-1,4,2020,105,0,0.0,1390.2285000315594,,,,,,,,,,,,,,,,,,,,,,,,,,,,,,,,,,0.3400000035762787,,,,,,,0,0,0.0,0.0,,,,,,,
-86.7,26.4,0,-1,4,2020,105,0,0.0,1390.2285000315594,,,,,,,,,,,,,,,,,,,,,,,,,,,,,,,,,,0.3700000047683716,,,,,,,0,0,0.0,0.0,,,,,,,
-86.7,26.5,0,-1,4,2020,105,0,0.0,1390.2285000315594,,,,,,,,,,,,,,,,,,,,,,,,,,,,,,,,,,0.33000001311302185,,,,,,,0,0,0.0,0.0,,,,,,,
-86.7,26.6,0,-1,4,2020,105,0,0.0,1390.2285000315594,,,,,,,,,,,,,,,,,,,,,,,,,,,,,,,,,,0.38999998569488525,,,,,,,0,0,0.0,0.0,,,,,,,
-86.7,26.7,0,-1,4,2020,105,0,0.0,1390.2285000315594,,,,,,,,,,,,,,,,,,,,,,,,,,,,,,,,,,0.25,,,,,,,0,0,0.0,0.0,,,,,,,
-86.7,26.8,0,-1,4,2020,105,0,0.0,1390.2285000315594,,,,,,,,,,,,,,,,,,,,,,,,,,,,,,,,,,0.36000001430511475,,,,,,,0,0,0.0,0.0,,,,,,,
-86.7,26.9,0,-1,4,2020,105,0,0.0,1390.2285000315594,,,,,,,,,,,,,,,,,,,,,,,,,,,,,,,,,,0.28999999165534973,,,,,,,0,0,0.0,0.0,,,,,,,
-86.7,27.0,0,-1,4,2020,105,0,0.0,1390.2285000315594,,,,,,,,,,,,,,,,,,,,,,,,,,,,,,,,,,0.33000001311302185,,,,,,,0,0,0.0,0.0,,,,,,,
-86.7,27.1,0,-1,4,2020,105,0,0.0,1390.2285000315594,,,,,,,,,,,,,,,,,,,,,,,,,,,,,,,,,,0.33000001311302185,,,,,,,0,0,0.0,0.0,,,,,,,
-86.7,27.2,0,-1,4,2020,105,0,0.0,1390.2285000315594,,,,,,,,,,,,,,,,,,,,,,,,,,,,,,,,,,0.3100000023841858,,,,,,,0,0,0.0,0.0,,,,,,,
-86.7,27.3,0,-1,4,2020,105,0,0.0,1390.2285000315594,,,,,,,,,,,,,,,,,,,,,,,,,,,,,,,,,,0.3400000035762787,,,,,,,0,0,0.0,0.0,,,,,,,
-86.7,27.4,0,-1,4,2020,105,0,0.0,1390.2285000315594,,,,,,,,,,,,,,,,,,,,,,,,,,,,,,,,,,0.33000001311302185,,,,,,,0,0,0.0,0.0,,,,,,,
-86.7,27.5,0,-1,4,2020,105,0,0.0,1390.2285000315594,,,,,,,,,,,,,,,,,,,,,,,,,,,,,,,,,,0.3400000035762787,,,,,,,0,0,0.0,0.0,,,,,,,
-86.7,27.6,0,-1,4,2020,105,0,0.0,1390.2285000315594,,,,,,,,,,,,,,,,,,,,,,,,,,,,,,,,,,0.3499999940395355,,,,,,,0,0,0.0,0.0,,,,,,,
-86.7,27.7,0,-1,4,2020,105,0,0.0,1390.2285000315594,,,,,,,,,,,,,,,,,,,,,,,,,,,,,,,,,,0.33000001311302185,,,,,,,0,0,0.0,0.0,,,,,,,
-86.7,27.8,0,-1,4,2020,105,0,0.0,1390.2285000315594,,,,,,,,,,,,,,,,,,,,,,,,,,,,,,,,,,0.3400000035762787,,,,,,,0,0,0.0,0.0,,,,,,,
-86.7,27.9,0,-1,4,2020,105,0,0.0,1390.2285000315594,,,,,,,,,,,,,,,,,,,,,,,,,,,,,,,,,,0.33000001311302185,,,,,,,0,0,0.0,0.0,,,,,,,
-86.7,28.0,0,-1,4,2020,105,0,0.0,68.02211405124072,,,,,,,,,,,,,,,,,,,,,,,,,,,,,,,,,,0.2800000011920929,,,,,,,0,0,0.0,0.0,,,,,,,
-86.7,28.1,0,-1,4,2020,105,0,0.0,65.3358745254091,,,,,,,,,,,,,,,,,,,,,,,,,,,,,,,,,,0.3499999940395355,,,,,,,0,0,0.0,0.0,,,,,,,
-86.7,28.2,0,-1,4,2020,105,0,0.0,62.70998963482613,,,,,,,,,,,,,,,,,,,,,,,,,,,,,,,,,,0.3499999940395355,,,,,,,0,0,0.0,0.0,,,,,,,
-86.7,28.3,0,-1,4,2020,105,0,0.0,60.15236404331919,,,,,,,,,,,,,,,,,,,,,,,,,,,,,,,,,,0.3799999952316284,,,,,,,0,0,0.0,0.0,,,,,,,
-86.7,28.4,0,-1,4,2020,105,0,0.0,57.6720799000695,,,,,,,,,,,,,,,,,,,,,,,,,,,,,,,,,,0.30000001192092896,,,,,,,0,0,0.0,0.0,,,,,,,
-86.7,28.5,0,-1,4,2020,105,0,0.0,55.25327320620925,,,,,,,,,,,,,,,,,,,,,,,,,,,,,,,,,,0.23999999463558197,,,,,,,0,0,0.0,0.0,,,,,,,
-86.7,28.6,0,-1,4,2020,105,0,0.0,52.9442886438188,,,,,,,,,,,,,,,,,,,,,,,,,,,,,,,,,,0.3100000023841858,,,,,,,0,0,0.0,0.0,,,,,,,
-86.7,28.7,0,-1,4,2020,105,0,0.0,50.74710829200024,,,,,,,,,,,,,,,,,,,,,,,,,,,,,,,,,,0.36000001430511475,,,,,,,0,0,0.0,0.0,,,,,,,
-86.7,28.8,0,-1,4,2020,105,0,0.0,48.67528428268293,,,,,,,,,,,,,,,,,,,,,,,,,,,,,,,,,,0.3100000023841858,,,,,,,0,0,0.0,0.0,,,,,,,
-86.7,28.9,0,-1,4,2020,105,0,0.0,46.746469385398505,,,,,,,,,,,,,,,,,,,,,,,,,,,,,,,,,,0.23000000417232513,,,,,,,0,0,0.0,0.0,,,,,,,
-86.7,29.0,0,-1,4,2020,105,0,0.0,44.95277522022417,,,,,,,,,,,,,,,,,,,,,,,,,,,,,,,,,,0.1899999976158142,,,,,,,0,0,0.0,0.0,,,,,,,
-86.7,29.1,0,-1,4,2020,105,0,0.0,42.710149847547946,,,,,,,,,,,,,,,,,,,,,,,,,,,,,,,,,,0.3100000023841858,,,,,,,0,0,0.0,0.0,,,,,,,
-86.7,29.2,0,-1,4,2020,105,0,0.0,39.46159905528411,,,,,,,,,,,,,,,,,,,,,,,,,,,,,,,,,,0.4000000059604645,,,,,,,0,0,0.0,0.0,,,,,,,
-86.7,29.3,0,-1,4,2020,105,0,0.0,36.20645798749168,,,,,,,,,,,,,,,,,,,,,,,,,,,,,,,,,,0.3799999952316284,,,,,,,0,0,0.0,0.0,,,,,,,
-86.7,29.4,0,-1,4,2020,105,0,0.0,32.9389207473469,,,,,,,,,,,,,,,,,,,,,,,,,,,,,,,,,,0.3100000023841858,,,,,,,0,0,0.0,0.0,,,,,,,
-86.7,29.5,0,-1,4,2020,105,0,0.0,29.630661484347595,,,,,,,,,,,,,,,,,,,,,,,,,,,,,,,,,,0.3199999928474426,,,,,,,0,0,0.0,0.0,,,,,,,
-86.7,29.6,0,-1,4,2020,105,0,0.0,26.369112613055446,,,,,,,,,,,,,,,,,,,,,,,,,,,,,,,,,,0.25999999046325684,,,,,,,0,0,0.0,0.0,,,,,,,
-86.7,29.7,0,-1,4,2020,105,0,0.0,23.102766068157294,,,,,,,,,,,,,,,,,,,,,,,,,,,,,,,,,,0.3700000047683716,,,,,,,0,0,0.0,0.0,,,,,,,
-86.7,29.8,0,-1,4,2020,105,0,0.0,19.791293540342426,,,,,,,,,,,,,,,,,,,,,,,,,,,,,,,,,,0.33000001311302185,,,,,,,0,0,0.0,0.0,,,,,,,
-86.7,29.9,0,-1,4,2020,105,0,0.0,16.51390323333645,,,,,,,,,,,,,,,,,,,,,,,,,,,,,,,,,,0.33000001311302185,,,,,,,0,0,0.0,0.0,,,,,,,
-86.7,30.0,0,-1,4,2020,105,0,0.0,13.227925007347146,,,,,,,,,,,,,,,,,,,,,,,,,,,,,,,,,,0.27000001072883606,,,,,,,0,0,0.0,0.0,-0.9032258064516129,,,,,,
-86.7,30.1,0,-1,4,2020,105,0,0.0,9.88671836354207,,,,,,,,,,,,,,,,,,,,,,,,,,,,,,,,,,0.3400000035762787,,,,,,,0,0,0.0,0.0,-1.0,,,,,,
-86.7,30.2,0,-1,4,2020,105,0,0.0,6.573218389799627,,,,,,,,,,,,,,,,,,,,,,,,,,,,,,,,,,0.3199999928474426,,,,,,,0,0,0.0,0.0,0.8663101604278075,,,,,,
-86.7,30.3,0,-1,4,2020,105,0,0.0,3.2269180342859656,,,,,,,,,,,,,,,,,,,,,,,,,,,,,,,,,,0.3799999952316284,,,,,0.0,,0,0,0.0,0.0,-1.0,,,,,,
-86.7,30.4,0,-1,4,2020,105,8,0.0,0.03,0,0,0,0,0,0,1,,,11.299999713897705,12.499999761581421,27.699999570846558,145.7000022828579,254.900004029274,624.7000057697296,1324.400004595518,0.7842857241630554,0.8756666779518127,0.6545555591583252,28.85714340209961,31.53333282470703,23.266666412353516,14.49666690826416,16.60444450378418,299.1856994628906,298.9366760253906,294.20001220703125,48.473331451416016,48.97444534301758,-2.380000114440918,-1.7599999904632568,-1.3799999952316284,-1.4500000476837158,1.75,0.09034315214090491,0.029786467078364978,0.0288030709784317,0.0,0.17837432569641154,0.0,0,0,2.8983243722921075,4.018599568311687,,,,,,,
-86.7,30.5,0,-1,4,2020,105,40,0.0,0.41785164831552357,1,0,0,0,0,0,0,0.7014,0.39030000000000004,21.300000190734863,23.200000196695328,53.200000554323196,148.80000168085098,258.3000006377697,701.0000076889992,1510.6000086665154,0.9114285707473755,0.9779999852180481,0.7158888578414917,30.285715103149414,32.20000076293945,23.4777774810791,14.479999542236328,16.53444480895996,299.77142333984375,299.7166748046875,294.707763671875,43.62333297729492,45.1966667175293,-0.9399999976158142,-0.07000000029802322,0.7900000214576721,-1.159999966621399,0.6899999976158142,0.0,0.5922364480927884,0.23721964160924858,0.0,0.24366739767745976,0.0,13,14,15.759663701028911,48.85155916913109,0.12065850230877334,0.22340673208236694,0.21432770788669586,300.22,291.2,27.3,45.900000000000006
-86.7,30.6,0,-1,4,2020,105,58,0.0,0.24186773244895649,0,1,0,0,0,0,0,0.6978000000000001,0.4625,33.69999980926514,34.99999976158142,56.19999957084656,147.90000158548355,264.0000013113022,788.6000019907951,1624.5999989807606,0.9900000095367432,1.056333303451538,0.7424444556236267,28.714284896850586,32.06666564941406,22.844444274902344,14.510000228881836,16.64555549621582,300.21429443359375,300.4700012207031,294.9433288574219,40.689998626708984,44.38666534423828,-0.8700000047683716,0.5799999833106995,0.8999999761581421,-1.4700000286102295,0.5,0.0,0.61471768392362,0.0024189034936555167,0.0,0.019775348880032628,0.0,15,0,14.58834811860775,10.375870459841526,0.08898383800854542,0.13820165395736694,0.06412018835544586,301.84000000000003,291.06666666666666,26.900000000000002,46.5
-86.7,30.7,0,-1,4,2020,105,59,0.015505967661738396,0.09,1,0,0,0,0,0,0,0.7683,0.4934,34.200000405311584,35.4000004529953,54.000000059604645,143.10000085830688,295.5000008940697,773.4000011384487,1642.7999995052814,1.0399999618530273,1.0986666679382324,0.7637777924537659,28.714284896850586,32.266666412353516,22.711111068725586,14.376667022705078,16.60555648803711,300.4428405761719,300.66998291015625,295.0344543457031,38.86000061035156,43.112220764160156,0.550000011920929,1.409999966621399,0.949999988079071,1.2899999618530273,0.7200000286102295,0.047968425846278404,0.731936662914669,0.1419013772780736,0.0,0.3710089296373711,0.008868836079879594,16,0,17.55091286862173,56.3849293350858,0.23445200657122742,0.46193212270736694,0.8158901929855347,297.0266666666667,290.86,29.900000000000002,48.300000000000004
-86.7,30.8,0,-1,4,2020,105,74,0.2735303044319153,0.03,0,0,0,0,0,1,0,0.6143000000000001,0.3617,46.40000057220459,47.90000060200691,66.70000103116035,162.20000222325325,349.60000029206276,800.2999999523163,1590.19999101758,1.0771428346633911,1.160333275794983,0.792555570602417,27.14285659790039,32.66666793823242,22.72222137451172,14.276666641235352,16.553333282470703,300.5714416503906,300.9566650390625,295.1177673339844,36.91999816894531,41.695556640625,0.5899999737739563,1.4299999475479126,0.8199999928474426,1.159999966621399,0.7200000286102295,0.14884897546167467,0.31311595142263615,0.06690295593447557,0.47990539997913245,0.05564672210177224,0.01582147407826634,6,0,13.238649239733189,32.091032634442804,0.0660424678147467,0.47108739614486694,0.8244351148605347,298.66,290.49333333333334,16.7,43.900000000000006
-86.7,30.9,0,-1,4,2020,105,58,0.0,0.03,1,0,0,0,0,0,0,0.7393000000000001,0.449,74.19999980926514,80.49999964237213,99.79999935626984,214.7000012397766,372.5999987125397,833.6000029444695,1581.9999986290932,1.0828571319580078,1.190333366394043,0.8130000233650208,26.0,33.46666717529297,23.100000381469727,14.0,16.345556259155273,300.5428466796875,301.0233459472656,295.1377868652344,36.436668395996094,41.39666748046875,-0.6700000166893005,0.7699999809265137,-1.1200000047683716,-1.6799999475479126,0.3799999952316284,0.1461600728523728,0.7502110451715708,0.15698599039467817,0.006449919850260683,0.11912152127198923,0.020155999532064636,23,45,23.72791207717405,67.09382445607346,0.1572799332498957,0.45839208364486694,0.8095425367355347,297.45,290.1066666666667,28.900000000000002,50.400000000000006
-86.7,31.0,0,-1,4,2020,105,60,0.089431993663311,0.03,0,0,0,1,0,0,0,0.5844,0.3441,30.999999165534973,43.99999940395355,60.2999986410141,177.09999692440033,314.39999544620514,785.4999997615814,1472.6000007689,1.0785714387893677,1.2079999446868896,0.8169999718666077,27.85714340209961,34.400001525878906,22.799999237060547,13.59000015258789,16.302221298217773,300.6142883300781,301.15667724609375,295.1933288574219,36.43333435058594,41.67444610595703,-1.2799999713897705,-0.6399999856948853,-1.5700000524520874,-2.2799999713897705,0.44999998807907104,0.07552900678343626,0.6454398290133494,0.16371465970241753,0.01934982072960207,0.11863047014738141,0.08451634933382236,12,0,21.43950562152652,73.75800634834877,0.094098225340487,0.45900243520736694,0.8102749586105347,298.956,289.5466666666667,23.700000000000003,48.5
-86.7,31.1,0,-1,4,2020,105,70,0.0,0.03,1,0,0,0,0,0,0,0.7906000000000001,0.4783,15.500000476837158,42.40000081062317,67.7000008225441,187.30000099539757,328.6000003516674,814.2999981343746,1445.1000006198883,1.041428565979004,1.1713333129882812,0.7952222228050232,28.428571701049805,33.93333435058594,22.08888816833496,13.65666675567627,16.442222595214844,300.3857116699219,300.8566589355469,295.07000732421875,38.016666412353516,43.148887634277344,-1.6200000047683716,-1.059999942779541,-2.1700000762939453,-2.5299999713897705,0.28999999165534973,0.06449817887494942,0.7982940084793726,0.10219192720765613,0.013281820567378134,0.08292951385867965,0.006759469738884658,20,95,21.312278012285567,59.149119516374995,0.2278372591006424,0.45582860708236694,0.8095425367355347,298.908,290.0266666666667,33.6,49.400000000000006
-86.7,31.2,0,-1,4,2020,105,52,0.0,0.4459820624195552,1,0,0,0,0,0,0,0.8803000000000001,0.4186,23.399999380111694,45.79999902844429,68.49999943375587,189.40000200271606,344.80000215768814,856.2000088393688,1549.8000131845474,1.1399999856948853,1.250333309173584,0.8533333539962769,29.428571701049805,36.266666412353516,24.44444465637207,12.873332977294922,15.609999656677246,300.6142883300781,301.00665283203125,295.1488952636719,37.21333312988281,42.287776947021484,-0.10000000149011612,1.1799999475479126,-1.7999999523162842,-2.009999990463257,0.36000001430511475,0.0,0.47869346924322104,0.4709410410764872,0.022435248887090246,0.2276531946986182,8.599757183326588E-4,14,100,21.287878869637016,90.07206420324204,0.23371488033298649,0.28346532583236694,0.30514803528785706,297.616,289.3266666666667,41.6,54.900000000000006
-86.7,31.3,0,-1,4,2020,105,74,0.03222327306866646,0.06,0,1,0,0,0,0,0,0.7859,0.4953,13.700000166893005,30.600000143051147,48.800000339746475,169.20000022649765,322.999997317791,823.0999939441681,1648.9999922513962,1.117142915725708,1.246333360671997,0.8572221994400024,35.28571319580078,38.20000076293945,25.422222137451172,12.569999694824219,15.474444389343262,300.471435546875,301.0299987792969,295.21221923828125,37.20000076293945,41.88444519042969,1.2699999809265137,2.180000066757202,1.149999976158142,1.4700000286102295,0.7300000190734863,0.07557580359402682,0.7983369692370927,0.08248442884694426,0.010389199785007429,0.10493978591108177,0.030807170634544242,9,0,22.193950479926105,79.89507333178936,0.3333333333333333,0.27357763051986694,0.30173006653785706,298.4166666666667,286.35,40.0,54.900000000000006
-86.7,31.4,0,-1,4,2020,105,90,0.0027150725945830345,0.09486832980505139,1,0,0,0,0,0,0,0.8533000000000001,0.47140000000000004,23.499999523162842,41.79999953508377,63.099999725818634,177.19999566674232,312.89999693632126,845.0999982953072,1665.79999178648,1.1371428966522217,1.2690000534057617,0.8711110949516296,35.71428680419922,37.766666412353516,25.688888549804688,12.4399995803833,15.26111125946045,300.44287109375,300.9966735839844,295.1644592285156,37.25,41.72333526611328,1.3700000047683716,2.2899999618530273,1.3899999856948853,1.659999966621399,0.5099999904632568,0.08599919011945736,0.6380059311155936,0.06927644183649599,0.08196700579832947,0.16528828222326644,0.07675672941340132,25,100,19.78605196158634,69.86759871518267,0.23368589103971263,0.27357763051986694,0.30173006653785706,297.9766666666667,286.23,28.3,50.5
-86.7,31.5,0,-1,4,2020,105,114,0.029654692858457565,0.0,0,0,0,1,0,0,0,0.758,0.44880000000000003,30.499999523162842,47.99999952316284,79.20000004768372,199.40000241994858,342.20000344514847,832.6000084877014,1664.7000100314617,1.0714285373687744,1.21833336353302,0.8502222299575806,33.71428680419922,36.53333282470703,25.488889694213867,12.836666107177734,15.239999771118164,300.0142822265625,300.6600036621094,294.9488830566406,38.29999923706055,42.42555618286133,0.8999999761581421,1.7300000190734863,1.0700000524520874,1.5700000524520874,0.6000000238418579,0.17739649762121673,0.5989314280294648,0.029828332964496853,0.026369700610160918,0.06623105075857662,0.20006639056621667,17,22,17.025650392430027,58.588945828216474,0.22999807210333525,0.29506200551986694,0.30063143372535706,299.2866666666667,289.08,24.900000000000002,50.0
-86.7,31.6,0,-1,4,2020,105,76,0.01650875061750412,0.042426406871192854,1,0,0,0,0,0,0,0.8396,0.625,46.200000643730164,63.10000103712082,93.8000003695488,208.1000018119812,361.2000011205673,798.1000010967255,1566.400002837181,1.0471428632736206,1.2016667127609253,0.8491111397743225,32.0,36.36666488647461,25.700000762939453,12.896666526794434,15.15333366394043,299.8285827636719,300.4866638183594,294.8777770996094,38.37666702270508,42.08555603027344,-0.8100000023841858,1.0800000429153442,0.6299999952316284,0.5899999737739563,0.5299999713897705,0.09028831562974203,0.28180065121866393,0.46491954604368857,0.009673442291278096,0.2555408936946522,0.05441153226061392,24,100,19.41509317154708,79.19622623275598,0.27380448582310624,0.29860204458236694,0.30734530091285706,297.16333333333336,288.6066666666667,34.0,50.1
-86.7,31.7,0,-1,4,2020,105,103,0.0,0.21,0,0,1,0,0,0,0,0.7816000000000001,0.4877,38.30000162124634,52.300001442432404,87.90000218153,218.20000183582306,373.1000027358532,816.9999988377094,1510.6999987959862,1.0014286041259766,1.1679999828338623,0.8297777771949768,32.0,34.93333435058594,24.377777099609375,12.970000267028809,15.423333168029785,299.5714416503906,300.2799987792969,294.80999755859375,39.44333267211914,42.77666473388672,-0.5400000214576721,0.7799999713897705,-1.2300000190734863,-1.9299999475479126,0.33000001311302185,0.0,0.7436977180902516,0.16322388512680433,0.0,0.10232556257614936,0.007647464228582989,15,86,23.709090909090907,83.37239202773615,0.26919795221843,0.30665868520736694,0.31357088685035706,295.5866666666667,288.17333333333335,33.7,49.7
-86.7,31.8,0,-1,4,2020,105,112,0.011206503957509995,0.40249223594996214,1,0,0,0,0,0,0,0.8776,0.5286000000000001,32.90000033378601,46.70000070333481,81.80000051856041,243.80000084638596,397.40000253915787,857.1999996006489,1477.9999984502792,1.014285683631897,1.1916667222976685,0.8352222442626953,32.28571319580078,34.20000076293945,23.35555648803711,12.970000267028809,15.621110916137695,299.8571472167969,300.5466613769531,294.8999938964844,39.03666687011719,42.782222747802734,0.8199999928474426,1.2300000190734863,-1.1699999570846558,-1.809999942779541,0.44999998807907104,0.0,0.7587562906203361,0.05257251599524564,0.0,0.0594389148510044,0.047372480590749284,22,0,20.473687880307544,72.0058206968228,0.2645411460577337,0.32240575551986694,0.32480135560035706,296.93333333333334,286.36,34.800000000000004,52.5
-86.7,31.9,0,-1,4,2020,105,140,0.0,0.12369316876852982,1,0,0,0,0,0,0,0.8433,0.48810000000000003,52.69999998807907,60.30000019073486,97.2999997138977,308.4000007510185,457.100001424551,893.7000027000904,1486.8000044822693,0.9557142853736877,1.1696666479110718,0.8344444632530212,35.28571319580078,34.70000076293945,23.677778244018555,12.75333309173584,15.408888816833496,299.31427001953125,300.2633361816406,294.7711181640625,39.74333190917969,42.95333480834961,1.0299999713897705,1.4500000476837158,-1.4500000476837158,-2.359999895095825,0.4000000059604645,0.025698097936058265,0.8128485086044479,0.012789712594990326,0.0,0.01729838860584213,0.02672689569714365,19,78,22.65753981938488,71.54589140608071,0.324531190202832,0.31898778676986694,0.31845369935035706,294.628,285.94,47.2,56.400000000000006
-86.7,32.0,0,-1,4,2020,105,112,0.017510734498500824,0.03,1,0,0,0,0,0,0,0.8527,0.6602,67.10000306367874,71.6000030040741,105.40000355243683,331.10000014305115,477.900001257658,910.0000032186508,1574.4000043272972,0.8885714411735535,1.1236666440963745,0.8136666417121887,34.85714340209961,33.53333282470703,22.877777099609375,12.986666679382324,15.583333015441895,298.6142883300781,299.913330078125,294.5566711425781,39.970001220703125,42.47666549682617,1.7000000476837158,2.140000104904175,0.8700000047683716,0.7400000095367432,0.4000000059604645,0.0804836098745447,0.8262925638853422,0.0019345783757128236,0.0,0.04866273812485965,0.03597936449732575,19,98,19.71065004252314,71.2029225291879,0.3108515448379804,0.31520360708236694,0.31650057435035706,294.376,285.245,,
-86.7,32.1,0,-1,4,2020,105,108,0.00122828537132591,0.15,1,0,0,0,0,0,0,0.887,0.7324,57.500001549720764,61.7000013589859,90.80000102519989,317.40000027418137,452.59999817609787,836.2000031471252,1523.1000057458878,0.8571428656578064,1.0893332958221436,0.7837777733802795,32.85714340209961,32.83333206176758,22.266666412353516,13.319999694824219,15.887777328491211,298.1999816894531,299.5533447265625,294.13665771484375,40.143333435058594,42.50444412231445,1.4800000190734863,1.9299999475479126,0.7799999713897705,0.6899999976158142,0.3199999928474426,0.019578084686598878,0.824688399910226,0.02707119623456224,0.0,0.03127016557262639,0.04571188331947741,21,100,20.133203017425256,68.40663462822054,0.28824833702882485,0.31642431020736694,0.31796541810035706,294.204,286.23,33.6,51.6
-86.7,32.2,0,-1,4,2020,105,53,0.0015848324401304126,0.19209372712298545,0,0,0,1,0,0,0,0.8681000000000001,0.7154,31.800000429153442,34.60000038146973,62.30000030994415,312.00000017881393,458.30000203847885,879.50000166893,1538.3000019788742,0.8442857265472412,1.068333387374878,0.7682222127914429,29.85714340209961,30.866666793823242,20.44444465637207,13.84000015258789,16.34666633605957,298.24285888671875,299.5799865722656,294.14666748046875,40.26333236694336,42.518890380859375,1.9800000190734863,2.5299999713897705,1.0,1.0299999713897705,0.46000000834465027,0.0,0.06282419656150132,0.40832092654231417,0.0,0.3750513928018221,0.48349817770317904,6,0,17.18740941153734,49.19601227893783,0.34974182444061963,0.38783544301986694,0.41293612122535706,296.725,285.28000000000003,32.300000000000004,50.900000000000006
-86.7,32.3,0,-1,4,2020,105,50,0.012148636393249035,0.24186773244895649,0,0,0,0,1,0,0,0.8937,0.7244,29.499999165534973,31.69999921321869,56.899999380111694,306.30000165104866,461.1000035703182,914.7000062763691,1575.7000020444393,0.8357142806053162,1.0466666221618652,0.7518888711929321,29.0,29.899999618530273,19.66666603088379,14.146666526794434,16.584444046020508,298.24285888671875,299.52667236328125,294.04998779296875,40.61333465576172,43.00222396850586,2.5,3.190000057220459,1.1399999856948853,1.0099999904632568,0.44999998807907104,0.0,0.12070562279334833,0.6956756739671214,0.0166006580839705,0.537399523122009,0.11842350643070043,28,97,21.53580196235749,74.54475874341976,0.32821764911056855,0.35670751333236694,0.36923494935035706,295.392,285.3,30.1,50.1
-86.7,32.4,0,-1,4,2020,105,91,0.0,0.20124611797498107,0,0,0,0,0,1,0,0.8411000000000001,0.5438000000000001,22.600000381469727,25.300000429153442,46.20000046491623,272.8999986052513,459.8999969959259,913.799997895956,1539.2999970316887,0.7828571200370789,0.9883333444595337,0.7122222185134888,27.571428298950195,28.366666793823242,18.46666717529297,14.760000228881836,17.06333351135254,297.75714111328125,299.1499938964844,293.7533264160156,41.40666580200195,43.66666793823242,2.819999933242798,3.5,1.6100000143051147,1.600000023841858,0.44999998807907104,0.0,0.5098379465005358,0.02966713762378429,0.1379082550248596,0.17133240387741902,0.237909203260667,2,0,17.512835268896975,51.3440386380873,0.2778169014084507,0.24074071645736694,0.26999178528785706,293.40000000000003,285.365,27.200000000000003,46.900000000000006
-86.7,32.5,0,-1,4,2020,105,83,0.02674507349729538,0.06,1,0,0,0,0,0,0,0.8460000000000001,0.5979,25.799999237060547,28.69999933242798,50.699999779462814,275.40000262856483,468.2000057697296,934.0000098347664,1462.700013190508,0.7714285850524902,0.9753333330154419,0.7037777900695801,27.285715103149414,28.600000381469727,19.133333206176758,14.729999542236328,16.882221221923828,297.5428466796875,299.02667236328125,293.6422119140625,41.913333892822266,44.054443359375,2.240000009536743,2.75,0.9399999976158142,1.0700000524520874,0.47999998927116394,0.10177550710708685,0.4577495282675964,0.2806562848663189,9.19759661427303E-4,0.13821097099328353,0.11926849080398379,24,89,19.89465579421058,74.44501387545054,0.2523436005356801,0.18434423208236694,0.13370026648044586,295.90000000000003,284.745,22.6,48.2
-86.7,32.6,0,-1,4,2020,105,126,0.06660205870866776,0.12369316876852982,1,0,0,0,0,0,0,0.7541,0.5139,37.89999961853027,42.69999980926514,65.2999997138977,320.29999911785126,516.4000010788441,986.8000001609325,1468.6000009775162,0.7485713958740234,0.95333331823349,0.6863333582878113,25.285715103149414,26.066667556762695,17.44444465637207,15.136666297912598,17.23555564880371,297.1000061035156,298.63665771484375,293.17999267578125,42.099998474121094,44.0099983215332,1.7599999904632568,2.2200000286102295,-1.3799999952316284,0.9700000286102295,0.4099999964237213,0.023374652162914244,0.5138611013657243,0.014934147520931524,0.0,0.17769338710289115,0.05277048190676672,21,98,17.514693134999202,64.49416147155347,0.1369754552652415,0.18666356801986694,0.13632477819919586,296.24,284.48,17.7,45.7
-86.7,32.7,0,-1,4,2020,105,139,0.010957806371152401,0.2765863337187866,0,0,1,0,0,0,0,0.7742,0.5843,44.900000393390656,52.20000058412552,81.40000039339066,360.50000044703484,586.1999959349632,1061.9999941587448,1529.0999951660633,0.7428571581840515,0.9483333230018616,0.6777777671813965,25.285715103149414,26.100000381469727,18.05555534362793,14.743332862854004,16.935556411743164,296.5714416503906,298.163330078125,292.7955627441406,42.9466667175293,44.565555572509766,2.4200000762939453,2.6700000762939453,-2.180000066757202,-2.4200000762939453,0.3799999952316284,0.0,0.3885468486292753,0.16547619800127683,0.0,0.1401707111108863,0.16491046200719336,15,0,17.01167363186215,63.76638473595847,0.19529329118370214,0.18727391958236694,0.13797272741794586,295.46,284.485,20.0,47.0
-86.7,32.8,0,-1,4,2020,105,218,0.22501006722450256,0.03,0,0,0,0,0,0,1,0.7765000000000001,0.5562,68.10000115633011,76.30000096559525,109.50000077486038,391.0999961197376,633.7000006735325,1143.900001525879,1587.3999980092049,0.7428571581840515,0.9589999914169312,0.6795555353164673,25.714284896850586,26.433332443237305,18.233333587646484,14.630000114440918,16.855554580688477,296.5,298.1300048828125,292.7033386230469,42.880001068115234,44.53444290161133,2.990000009536743,3.1600000858306885,-2.4000000953674316,-2.940000057220459,0.949999988079071,0.09280437202712277,0.43421730459873703,0.019423980683473833,0.0,0.038945560860371174,0.24934500162761997,19,0,18.634856850497787,61.447946827589675,0.2025030418911872,0.31386083364486694,0.31918612122535706,295.14,285.2,21.1,47.6
-86.7,32.9,0,-1,4,2020,105,197,0.5124058127403259,0.03,0,0,0,1,0,0,0,0.5449,0.39380000000000004,54.70000171661377,61.400001525878906,122.90000057220459,400.6999969482422,676.7000015377998,1192.4000034630299,1613.2000069916248,0.7057142853736877,0.8653333187103271,0.6347777843475342,22.14285659790039,23.066667556762695,16.266666412353516,15.470000267028809,17.398889541625977,295.6714172363281,297.2900085449219,292.272216796875,45.3466682434082,45.661109924316406,3.0299999713897705,3.180000066757202,-1.8600000143051147,-2.4100000858306885,17.110000610351562,0.4387801547564861,0.10794256800533485,0.12303379486677056,0.002417756764188124,0.0924248522529155,0.5607710273727992,18,0,14.256128114382394,23.261631368771486,0.11199309749784297,0.35743993520736694,0.36972323060035706,295.48,284.735,12.700000000000001,43.800000000000004
-86.7,33.0,0,-1,4,2020,105,192,0.09385453164577484,0.0,0,0,0,0,0,0,1,0.7306,0.5502,54.69999957084656,60.19999957084656,136.50000023841858,426.5999987721443,693.2000023722649,1190.700000077486,1586.9999993145466,0.6785714030265808,0.8603333234786987,0.617111086845398,22.85714340209961,22.633333206176758,15.866666793823242,15.516666412353516,17.487777709960938,295.4285583496094,297.1433410644531,291.9055480957031,46.01333236694336,46.70888900756836,3.0,3.1700000762939453,-2.059999942779541,-2.940000057220459,0.7400000095367432,0.2570329892734264,0.6067303164474955,0.02357001317872821,0.0,0.015074759460657929,0.20963974982538988,16,26,22.030768536510283,64.55853393564695,0.19309262166405022,0.35743993520736694,0.36972323060035706,293.48,284.7,19.900000000000002,47.5
-86.7,33.1,0,-1,4,2020,105,172,0.014718499965965748,0.21840329667841554,1,0,0,0,0,0,0,0.8463,0.4184,32.29999989271164,37.29999989271164,114.89999932050705,393.60000056028366,664.0000022053719,1185.9000006318092,1592.2999964356422,0.7400000095367432,0.9509999752044678,0.675000011920929,28.285715103149414,25.46666717529297,17.755556106567383,14.583333015441895,16.7722225189209,295.67144775390625,297.5833435058594,292.2088928222656,43.439998626708984,44.67333221435547,3.1600000858306885,3.319999933242798,-1.6399999856948853,-2.890000104904175,0.949999988079071,0.0,0.7056923519391174,0.03068200134636721,0.0,0.017656585207016517,0.058525885963332094,27,100,22.460379869991016,84.87511419262509,0.25890321171072755,0.34926122426986694,0.36703768372535706,295.04,285.78000000000003,27.1,46.900000000000006
-86.7,33.2,0,-1,4,2020,105,174,0.4560187757015228,0.06,1,0,0,0,0,0,0,0.7712,0.4329,26.399999976158142,31.700000166893005,95.80000114440918,383.79999977350235,655.8000036478043,1201.300006300211,1667.000005275011,0.7457143068313599,0.9519999623298645,0.6718888878822327,28.571428298950195,25.366666793823242,17.22222137451172,14.506667137145996,16.752222061157227,295.6428527832031,297.54998779296875,292.1388854980469,43.61333465576172,44.967777252197266,3.319999933242798,3.5199999809265137,-1.1399999856948853,-2.390000104904175,1.3600000143051147,0.09926637996458387,0.7234678624813154,0.028539646122292914,0.0,0.03133987113162292,0.07012770314470179,25,79,20.638128505336482,72.47717766818747,0.2740487387772552,0.41090673208236694,0.43124666810035706,294.73,285.34000000000003,30.700000000000003,50.5
-86.7,33.3,0,-1,4,2020,105,191,2.789440631866455,0.0,1,0,0,0,0,0,0,0.7628,0.4354,33.40000057220459,39.60000038146973,101.80000114440918,391.7999999523163,656.6000035703182,1244.4999973773956,1710.3999992609024,0.7214285731315613,0.921999990940094,0.6528888940811157,27.0,24.266666412353516,16.511110305786133,14.833333015441895,16.92888832092285,295.471435546875,297.32000732421875,291.9200134277344,44.503334045410156,45.73777770996094,3.859999895095825,4.130000114440918,-0.8100000023841858,-2.450000047683716,1.3300000429153442,0.2310533238895072,0.6735660587828207,0.0020066170963776615,0.0,0.020113000063199143,0.05439986348683691,25,1,23.008705944311284,74.91969222420951,0.29330065359477125,0.41493505239486694,0.43356600403785706,291.78000000000003,284.55,49.1,56.6
-86.7,33.4,0,-1,4,2020,105,213,12.911111831665039,0.0,1,0,0,0,0,0,0,0.7235,0.4293,59.399999141693115,68.59999895095825,132.29999768733978,399.2999950647354,687.2999919652939,1251.2999945878983,1737.7999922931194,0.6728571653366089,0.8843333125114441,0.63355553150177,27.571428298950195,24.600000381469727,17.14444351196289,14.793333053588867,16.801111221313477,294.78570556640625,296.77667236328125,291.4811096191406,45.70333480834961,46.62333297729492,3.7300000190734863,4.039999961853027,-0.6899999976158142,-1.9299999475479126,3.9800000190734863,0.824996206565171,0.27256323963912743,0.006446414182111204,0.0,0.002578458445867035,0.030620467365028225,23,85,22.196175502149835,53.54517204451029,0.26917767698678763,0.33876317739486694,0.36508455872535706,295.5,286.4266666666667,23.8,49.2
-86.7,33.5,0,-1,4,2020,105,216,9.522459030151367,0.0,0,0,0,0,0,0,1,0.7831,0.437,79.59999704360962,91.49999666213989,195.0999972820282,445.2999959588051,732.7000010609627,1300.699999988079,1815.7000024616718,0.6600000262260437,0.8856666684150696,0.6431111097335815,26.428571701049805,22.96666717529297,17.822221755981445,15.026666641235352,16.471111297607422,294.25714111328125,296.35333251953125,291.0799865722656,45.973331451416016,47.24222183227539,4.179999828338623,4.329999923706055,1.0299999713897705,-1.9299999475479126,3.7899999618530273,0.4301613800779076,0.4673374138524883,0.004028907012826145,0.0,0.001289210972550423,0.01667177521542803,23,56,24.615665744492503,69.13407987133127,0.29989281886388,0.31630223989486694,0.32248201966285706,293.4866666666667,285.7266666666667,28.700000000000003,50.400000000000006
-86.7,33.6,0,-1,4,2020,105,221,3.1803224086761475,0.03,0,0,0,0,0,0,1,0.7465,0.4772,86.89999675750732,100.99999713897705,204.99999725818634,422.4999945759773,693.29999807477,1240.4000004827976,1805.900003105402,0.6800000071525574,0.8843333125114441,0.6315555572509766,26.285715103149414,23.46666717529297,17.11111068725586,14.933333396911621,16.761110305786133,294.0714416503906,296.1600036621094,290.8555603027344,45.176666259765625,46.31666564941406,4.489999771118164,4.409999847412109,1.7000000476837158,0.8799999952316284,12.130000114440918,0.8440691677621598,0.13329646542053114,0.0,0.0,0.0028362096509995985,0.020430090537060144,20,27,23.04272547826471,50.69961016971405,0.24758715777033682,0.43263524770736694,0.45895662903785706,294.27,286.56,23.5,49.2
-86.7,33.7,0,-1,4,2020,105,237,0.0,0.0670820393249937,1,0,0,0,0,0,0,0.8852000000000001,0.5535,106.19999852776527,121.49999871850014,235.09999921917915,464.09999626874924,723.5999962687492,1321.5999983847141,1943.2000029087067,0.6800000071525574,0.8859999775886536,0.6302222013473511,24.428571701049805,20.33333396911621,14.744444847106934,15.616666793823242,17.357778549194336,294.21429443359375,296.4566650390625,291.09332275390625,44.18333435058594,45.57444381713867,5.650000095367432,5.679999828338623,3.2899999618530273,2.2300000190734863,0.8100000023841858,0.08259989883662115,0.7086566900073311,0.003096640461083445,0.0,0.003558553343670106,0.06518112186860132,28,100,23.998597935684028,71.65220469282181,0.34388956557044253,0.43214696645736694,0.44980135560035706,292.265,293.72,,
-86.7,33.8,0,-1,4,2020,105,168,0.01506325788795948,0.2954657340538831,1,0,0,0,0,0,0,0.8541000000000001,0.5064000000000001,108.59999692440033,122.29999673366547,227.69999492168427,471.3999963402748,746.6999971270561,1364.4999934732914,2004.400000154972,0.6671428680419922,0.8636666536331177,0.6197777986526489,22.714284896850586,18.53333282470703,13.666666984558105,16.263334274291992,17.71666717529297,294.1999816894531,296.4666748046875,291.1555480957031,44.1966667175293,45.462223052978516,6.300000190734863,6.409999847412109,3.990000009536743,2.4700000286102295,0.5199999809265137,0.0,0.724594038632292,0.0032230441335857015,0.0,0.0029816837261643493,0.15490202893788066,27,99,22.395643046698638,68.7103420820358,0.3361433087460485,0.30140966176986694,0.30258455872535706,292.485,277.86,31.900000000000002,51.7
-86.7,33.9,0,-1,4,2020,105,145,0.10076417773962021,0.03,1,0,0,0,0,0,0,0.8297,0.42250000000000004,115.09999990463257,124.40000009536743,233.19999837875366,483.0999960899353,761.3999942541122,1434.2999948263168,2256.6999977231026,0.604285717010498,0.812666654586792,0.5899999737739563,20.285715103149414,16.233333587646484,12.55555534362793,17.066667556762695,18.206666946411133,293.72857666015625,296.2200012207031,290.8988952636719,45.17333221435547,46.2599983215332,7.25,7.369999885559082,5.449999809265137,4.119999885559082,0.7200000286102295,0.12259664035620321,0.6628045119909,0.006208726973996019,0.0,0.005671989169634943,0.21170021169705205,23,98,22.143195157499463,65.43138208957568,0.25463162429987074,0.31349462270736694,0.30722323060035706,293.02500000000003,278.34000000000003,25.400000000000002,50.1
-86.7,34.0,0,-1,4,2020,105,324,0.04365842416882515,0.21213203435596426,1,0,0,0,0,0,0,0.8726,0.5603,115.10000306367874,118.90000301599503,239.70000511407852,495.50000327825546,765.1999980807304,1397.999998152256,2071.200001180172,0.5242857336997986,0.734666645526886,0.5325555801391602,18.428571701049805,14.533333778381348,11.766666412353516,17.476667404174805,18.475555419921875,292.71429443359375,295.1866760253906,289.901123046875,48.11333465576172,49.08555603027344,5.869999885559082,5.769999980926514,3.7699999809265137,2.440000057220459,0.5799999833106995,0.0,0.7709501796339068,0.007251711814760631,0.0,0.004124999620864007,0.1870973246081074,27,100,21.033125529010064,76.02816724760525,0.32364165000908596,0.27687352895736694,0.25619783997535706,290.77500000000003,293.86,33.0,52.400000000000006
-86.7,34.1,0,-1,4,2020,105,181,0.04833177849650383,0.12,1,0,0,0,0,0,0,0.8215,0.4899,111.300003439188,114.50000348687172,236.70000234246254,489.69999971985817,759.3000009953976,1369.999999910593,2037.4000028967857,0.5271428823471069,0.7409999966621399,0.535444438457489,18.85714340209961,14.966666221618652,12.122221946716309,17.446666717529297,18.455554962158203,292.8428649902344,295.3399963378906,289.99334716796875,47.720001220703125,48.606666564941406,5.230000019073486,5.039999961853027,3.2200000286102295,2.440000057220459,0.5299999713897705,0.014511072909293155,0.49033931669031106,0.0016114304130633275,0.006818562414491493,0.003635587916826322,0.39152071635980984,25,100,19.537860912432986,50.59756088012922,0.27739352020385877,0.27589696645736694,0.25656405091285706,290.915,277.82,27.900000000000002,48.400000000000006
-86.7,34.2,0,-1,4,2020,105,259,0.14281514286994934,0.042426406871192854,0,0,0,0,0,0,1,0.6176,0.38070000000000004,113.70000153779984,114.90000158548355,217.8000010251999,449.6000023782253,703.3000030815601,1358.1999987065792,2073.3000006377697,0.5071428418159485,0.718666672706604,0.5244444608688354,18.14285659790039,14.666666984558105,11.188888549804688,17.433334350585938,18.4777774810791,292.6285705566406,295.0299987792969,289.7200012207031,48.40999984741211,49.176666259765625,4.900000095367432,4.869999885559082,3.0799999237060547,2.3499999046325684,0.9300000071525574,0.10699838187702262,0.36409020104710077,0.002211739280173654,0.04570717203856011,0.001804609792308116,0.4161103089167852,8,0,16.958579961184668,42.53640868438683,0.1777137367915466,0.30494970083236694,0.36130037903785706,292.79333333333335,279.2,21.400000000000002,47.2
-86.7,34.3,0,-1,4,2020,105,324,0.19122949242591858,0.03,1,0,0,0,0,0,0,0.7325,0.47640000000000005,152.49999409914017,153.99999409914017,255.19999474287033,440.59999510645866,689.7999982833862,1361.100002527237,1988.6999988257885,0.5371428728103638,0.7599999904632568,0.5578888654708862,18.285715103149414,15.133333206176758,11.644444465637207,17.1733341217041,18.221111297607422,292.4857177734375,295.0033264160156,289.61444091796875,48.24333190917969,49.65666580200195,4.329999923706055,4.409999847412109,2.680000066757202,1.7200000286102295,0.7400000095367432,0.11754891551645687,0.17501816688256291,0.0,0.11780986382736722,0.0011600857705244196,0.5924362579381377,25,93,13.577065601296969,16.062219132572032,0.2573623559539053,0.28663915395736694,0.26205721497535706,292.61,278.86,16.900000000000002,46.900000000000006
-86.7,34.4,0,-1,4,2020,105,214,0.029409755021333694,0.0670820393249937,1,0,0,0,0,0,0,0.885,0.5793,153.80000227689743,154.2000022828579,267.40000090003014,445.5000011622906,694.7000023722649,1352.2000063955784,1931.9000048935413,0.5785714387893677,0.7956666946411133,0.5856666564941406,18.714284896850586,15.033333778381348,12.44444465637207,17.100000381469727,17.996665954589844,292.6428527832031,295.2366638183594,289.9200134277344,47.92333221435547,48.84333419799805,4.300000190734863,4.230000019073486,2.630000114440918,1.7200000286102295,0.6800000071525574,0.0636156763590392,0.5570973612374885,0.06812695885148114,0.0435496916388636,0.09073162348231348,0.1929531897684764,29,100,20.592478390935618,63.89037312870066,0.2670433145009416,0.34083837270736694,0.33652010560035706,290.95,286.25,29.700000000000003,49.900000000000006
-86.7,34.5,0,-1,4,2020,105,198,0.07071715593338013,0.09486832980505139,0,0,1,0,0,0,0,0.5898,0.3335,144.89999997615814,144.89999997615814,298.29999804496765,487.99999862909317,780.2000033855438,1442.0999937653542,2092.1999938189983,0.5557143092155457,0.75,0.5495555400848389,17.0,13.066666603088379,11.133333206176758,17.643333435058594,18.45888900756836,292.4571533203125,294.95001220703125,289.6711120605469,47.92333221435547,48.88666534423828,5.369999885559082,5.050000190734863,3.0199999809265137,2.25,0.8199999928474426,0.07260959700662384,0.486162011879186,0.0560817641855175,0.007250726652344243,0.06417895359357868,0.30208201693415887,14,100,20.750170968612537,61.17164082183955,0.13812570568310123,0.33851903676986694,0.33676424622535706,291.365,283.54,19.8,47.6
-86.7,34.6,0,-1,4,2020,105,184,0.0,0.37589892258425006,0,0,0,0,1,0,0,0.8194,0.4675,118.29999846220016,118.29999846220016,295.99999898672104,472.3000006079674,744.3000001907349,1365.3000049591064,1957.1000059247017,0.5428571701049805,0.7253333330154419,0.5263333320617676,17.714284896850586,13.433333396911621,11.38888931274414,17.71000099182129,18.438888549804688,292.3571472167969,294.7166748046875,289.4322204589844,48.573333740234375,49.59000015258789,3.7200000286102295,2.619999885559082,-0.5799999833106995,0.7900000214576721,1.0199999809265137,0.0,0.3579101007165151,0.40175716831157654,0.011088926238105465,0.3060565854151662,0.0808607028673246,28,100,21.952116257247482,72.28975829694946,0.37829638273045507,0.33851903676986694,0.33676424622535706,288.005,284.8466666666667,28.5,49.400000000000006
-86.7,34.7,0,-1,4,2020,105,187,0.0,0.0,0,0,0,0,0,0,1,0.5196000000000001,0.3225,112.79999887943268,112.79999887943268,311.79999816417694,472.2999954521656,735.5999936461449,1322.6999971270561,1917.2000023722649,0.5171428322792053,0.6936666965484619,0.5058888792991638,18.571428298950195,14.066666603088379,11.377778053283691,17.75,18.488889694213867,292.1000061035156,294.48333740234375,289.27667236328125,49.47999954223633,50.022220611572266,4.849999904632568,3.930000066757202,1.940000057220459,2.1600000858306885,29.31999969482422,0.5251340143622938,0.2136847991255478,0.07844165526740615,0.025206845242796365,0.04142053705325801,0.1906009016209592,0,0,17.815209694037243,32.7731147744881,0.22235023041474655,0.43605321645736694,0.45773592591285706,291.71,282.4066666666667,20.900000000000002,47.300000000000004
-86.7,34.8,0,-1,4,2020,105,257,4.116756439208984,0.0,0,0,0,0,0,0,1,0.7141000000000001,0.439,107.39999628067017,107.39999628067017,295.2999963760376,449.5999976992607,738.0000029802322,1386.8000019490719,1974.5999993383884,0.508571445941925,0.6463333368301392,0.4655555486679077,15.857142448425293,12.199999809265137,9.61111068725586,18.363332748413086,19.20222282409668,291.9571533203125,294.04998779296875,288.65667724609375,50.20333480834961,51.225555419921875,4.03000020980835,3.109999895095825,0.3100000023841858,0.5899999737739563,4.739999771118164,0.8482305358948434,0.10822226364190649,0.04542194899271191,0.10066562836644626,0.03825559732610103,0.19357243723601533,27,68,17.84430600405801,20.191766002929626,0.18648401826484018,0.43300145864486694,0.44772616028785706,294.68,279.11,19.700000000000003,46.5
-86.7,34.9,0,-1,4,2020,105,246,0.02902541682124138,0.12369316876852982,0,0,0,0,0,1,0,0.4045,0.25620000000000004,79.69999694824219,79.69999694824219,235.999993622303,383.09999281167984,659.7999977469444,1347.3999992012978,1931.899999499321,0.4957142770290375,0.6186666488647461,0.44511109590530396,17.285715103149414,12.366666793823242,9.588889122009277,18.3799991607666,19.29777717590332,291.81427001953125,293.8800048828125,288.5022277832031,51.040000915527344,52.1077766418457,5.019999980926514,4.590000152587891,2.6500000953674316,1.7899999618530273,0.8399999737739563,0.017848114066134086,0.08997687554494102,0.08731377231889001,0.6434537574080389,0.16455663574358184,0.13315200222399126,0,0,8.528730834152976,15.615297721368478,-0.11982248520710059,0.42445653676986694,0.44870272278785706,295.8,278.45,11.100000000000001,43.400000000000006
-86.6,24.6,0,-1,4,2020,105,0,0.0,1390.2285000315594,,,,,,,,,,,,,,,,,,,,,,,,,,,,,,,,,,0.2800000011920929,,,,,,,0,0,0.0,0.0,,,,,,,
-86.6,24.7,0,-1,4,2020,105,0,0.0,1390.2285000315594,,,,,,,,,,,,,,,,,,,,,,,,,,,,,,,,,,0.3100000023841858,,,,,,,0,0,0.0,0.0,,,,,,,
-86.6,24.8,0,-1,4,2020,105,0,0.0,1390.2285000315594,,,,,,,,,,,,,,,,,,,,,,,,,,,,,,,,,,0.3499999940395355,,,,,,,0,0,0.0,0.0,,,,,,,
-86.6,24.9,0,-1,4,2020,105,0,0.0,1390.2285000315594,,,,,,,,,,,,,,,,,,,,,,,,,,,,,,,,,,0.3100000023841858,,,,,,,0,0,0.0,0.0,,,,,,,
-86.6,25.0,0,-1,4,2020,105,0,0.0,1390.2285000315594,,,,,,,,,,,,,,,,,,,,,,,,,,,,,,,,,,0.3100000023841858,,,,,,,0,0,0.0,0.0,,,,,,,
-86.6,25.1,0,-1,4,2020,105,0,0.0,1390.2285000315594,,,,,,,,,,,,,,,,,,,,,,,,,,,,,,,,,,0.28999999165534973,,,,,,,0,0,0.0,0.0,,,,,,,
-86.6,25.2,0,-1,4,2020,105,0,0.0,1390.2285000315594,,,,,,,,,,,,,,,,,,,,,,,,,,,,,,,,,,0.3499999940395355,,,,,,,0,0,0.0,0.0,,,,,,,
-86.6,25.3,0,-1,4,2020,105,0,0.0,1390.2285000315594,,,,,,,,,,,,,,,,,,,,,,,,,,,,,,,,,,0.25999999046325684,,,,,,,0,0,0.0,0.0,,,,,,,
-86.6,25.4,0,-1,4,2020,105,0,0.0,1390.2285000315594,,,,,,,,,,,,,,,,,,,,,,,,,,,,,,,,,,0.3400000035762787,,,,,,,0,0,0.0,0.0,,,,,,,
-86.6,25.5,0,-1,4,2020,105,0,0.0,1390.2285000315594,,,,,,,,,,,,,,,,,,,,,,,,,,,,,,,,,,0.28999999165534973,,,,,,,0,0,0.0,0.0,,,,,,,
-86.6,25.6,0,-1,4,2020,105,0,0.0,1390.2285000315594,,,,,,,,,,,,,,,,,,,,,,,,,,,,,,,,,,0.30000001192092896,,,,,,,0,0,0.0,0.0,,,,,,,
-86.6,25.7,0,-1,4,2020,105,0,0.0,1390.2285000315594,,,,,,,,,,,,,,,,,,,,,,,,,,,,,,,,,,0.36000001430511475,,,,,,,0,0,0.0,0.0,,,,,,,
-86.6,25.8,0,-1,4,2020,105,0,0.0,1390.2285000315594,,,,,,,,,,,,,,,,,,,,,,,,,,,,,,,,,,0.33000001311302185,,,,,,,0,0,0.0,0.0,,,,,,,
-86.6,25.9,0,-1,4,2020,105,0,0.0,1390.2285000315594,,,,,,,,,,,,,,,,,,,,,,,,,,,,,,,,,,0.28999999165534973,,,,,,,0,0,0.0,0.0,,,,,,,
-86.6,26.0,0,-1,4,2020,105,0,0.0,1390.2285000315594,,,,,,,,,,,,,,,,,,,,,,,,,,,,,,,,,,0.3799999952316284,,,,,,,0,0,0.0,0.0,,,,,,,
-86.6,26.1,0,-1,4,2020,105,0,0.0,1390.2285000315594,,,,,,,,,,,,,,,,,,,,,,,,,,,,,,,,,,0.27000001072883606,,,,,,,0,0,0.0,0.0,,,,,,,
-86.6,26.2,0,-1,4,2020,105,0,0.0,1390.2285000315594,,,,,,,,,,,,,,,,,,,,,,,,,,,,,,,,,,0.3100000023841858,,,,,,,0,0,0.0,0.0,,,,,,,
-86.6,26.3,0,-1,4,2020,105,0,0.0,1390.2285000315594,,,,,,,,,,,,,,,,,,,,,,,,,,,,,,,,,,0.3499999940395355,,,,,,,0,0,0.0,0.0,,,,,,,
-86.6,26.4,0,-1,4,2020,105,0,0.0,1390.2285000315594,,,,,,,,,,,,,,,,,,,,,,,,,,,,,,,,,,0.30000001192092896,,,,,,,0,0,0.0,0.0,,,,,,,
-86.6,26.5,0,-1,4,2020,105,0,0.0,1390.2285000315594,,,,,,,,,,,,,,,,,,,,,,,,,,,,,,,,,,0.3799999952316284,,,,,,,0,0,0.0,0.0,,,,,,,
-86.6,26.6,0,-1,4,2020,105,0,0.0,1390.2285000315594,,,,,,,,,,,,,,,,,,,,,,,,,,,,,,,,,,0.3799999952316284,,,,,,,0,0,0.0,0.0,,,,,,,
-86.6,26.7,0,-1,4,2020,105,0,0.0,1390.2285000315594,,,,,,,,,,,,,,,,,,,,,,,,,,,,,,,,,,0.3100000023841858,,,,,,,0,0,0.0,0.0,,,,,,,
-86.6,26.8,0,-1,4,2020,105,0,0.0,1390.2285000315594,,,,,,,,,,,,,,,,,,,,,,,,,,,,,,,,,,0.3499999940395355,,,,,,,0,0,0.0,0.0,,,,,,,
-86.6,26.9,0,-1,4,2020,105,0,0.0,1390.2285000315594,,,,,,,,,,,,,,,,,,,,,,,,,,,,,,,,,,0.4000000059604645,,,,,,,0,0,0.0,0.0,,,,,,,
-86.6,27.0,0,-1,4,2020,105,0,0.0,1390.2285000315594,,,,,,,,,,,,,,,,,,,,,,,,,,,,,,,,,,0.23000000417232513,,,,,,,0,0,0.0,0.0,,,,,,,
-86.6,27.1,0,-1,4,2020,105,0,0.0,1390.2285000315594,,,,,,,,,,,,,,,,,,,,,,,,,,,,,,,,,,0.3400000035762787,,,,,,,0,0,0.0,0.0,,,,,,,
-86.6,27.2,0,-1,4,2020,105,0,0.0,1390.2285000315594,,,,,,,,,,,,,,,,,,,,,,,,,,,,,,,,,,0.30000001192092896,,,,,,,0,0,0.0,0.0,,,,,,,
-86.6,27.3,0,-1,4,2020,105,0,0.0,1390.2285000315594,,,,,,,,,,,,,,,,,,,,,,,,,,,,,,,,,,0.3100000023841858,,,,,,,0,0,0.0,0.0,,,,,,,
-86.6,27.4,0,-1,4,2020,105,0,0.0,1390.2285000315594,,,,,,,,,,,,,,,,,,,,,,,,,,,,,,,,,,0.36000001430511475,,,,,,,0,0,0.0,0.0,,,,,,,
-86.6,27.5,0,-1,4,2020,105,0,0.0,1390.2285000315594,,,,,,,,,,,,,,,,,,,,,,,,,,,,,,,,,,0.28999999165534973,,,,,,,0,0,0.0,0.0,,,,,,,
-86.6,27.6,0,-1,4,2020,105,0,0.0,1390.2285000315594,,,,,,,,,,,,,,,,,,,,,,,,,,,,,,,,,,0.33000001311302185,,,,,,,0,0,0.0,0.0,,,,,,,
-86.6,27.7,0,-1,4,2020,105,0,0.0,1390.2285000315594,,,,,,,,,,,,,,,,,,,,,,,,,,,,,,,,,,0.3199999928474426,,,,,,,0,0,0.0,0.0,,,,,,,
-86.6,27.8,0,-1,4,2020,105,0,0.0,1390.2285000315594,,,,,,,,,,,,,,,,,,,,,,,,,,,,,,,,,,0.3100000023841858,,,,,,,0,0,0.0,0.0,,,,,,,
-86.6,27.9,0,-1,4,2020,105,0,0.0,1390.2285000315594,,,,,,,,,,,,,,,,,,,,,,,,,,,,,,,,,,0.3199999928474426,,,,,,,0,0,0.0,0.0,,,,,,,
-86.6,28.0,0,-1,4,2020,105,0,0.0,66.36276666927019,,,,,,,,,,,,,,,,,,,,,,,,,,,,,,,,,,0.3799999952316284,,,,,,,0,0,0.0,0.0,,,,,,,
-86.6,28.1,0,-1,4,2020,105,0,0.0,63.63306216111245,,,,,,,,,,,,,,,,,,,,,,,,,,,,,,,,,,0.3799999952316284,,,,,,,0,0,0.0,0.0,,,,,,,
-86.6,28.2,0,-1,4,2020,105,0,0.0,60.93254056741767,,,,,,,,,,,,,,,,,,,,,,,,,,,,,,,,,,0.2800000011920929,,,,,,,0,0,0.0,0.0,,,,,,,
-86.6,28.3,0,-1,4,2020,105,0,0.0,58.295627623347535,,,,,,,,,,,,,,,,,,,,,,,,,,,,,,,,,,0.3400000035762787,,,,,,,0,0,0.0,0.0,,,,,,,
-86.6,28.4,0,-1,4,2020,105,0,0.0,55.731352935309225,,,,,,,,,,,,,,,,,,,,,,,,,,,,,,,,,,0.3700000047683716,,,,,,,0,0,0.0,0.0,,,,,,,
-86.6,28.5,0,-1,4,2020,105,0,0.0,53.25021126718654,,,,,,,,,,,,,,,,,,,,,,,,,,,,,,,,,,0.3400000035762787,,,,,,,0,0,0.0,0.0,,,,,,,
-86.6,28.6,0,-1,4,2020,105,0,0.0,50.8554156408145,,,,,,,,,,,,,,,,,,,,,,,,,,,,,,,,,,0.28999999165534973,,,,,,,0,0,0.0,0.0,,,,,,,
-86.6,28.7,0,-1,4,2020,105,0,0.0,48.54008343626945,,,,,,,,,,,,,,,,,,,,,,,,,,,,,,,,,,0.41999998688697815,,,,,,,0,0,0.0,0.0,,,,,,,
-86.6,28.8,0,-1,4,2020,105,0,0.0,46.37206271021379,,,,,,,,,,,,,,,,,,,,,,,,,,,,,,,,,,0.25,,,,,,,0,0,0.0,0.0,,,,,,,
-86.6,28.9,0,-1,4,2020,105,0,0.0,44.321484632173586,,,,,,,,,,,,,,,,,,,,,,,,,,,,,,,,,,0.2800000011920929,,,,,,,0,0,0.0,0.0,,,,,,,
-86.6,29.0,0,-1,4,2020,105,0,0.0,42.454452063358445,,,,,,,,,,,,,,,,,,,,,,,,,,,,,,,,,,0.3199999928474426,,,,,,,0,0,0.0,0.0,,,,,,,
-86.6,29.1,0,-1,4,2020,105,0,0.0,40.75925907079274,,,,,,,,,,,,,,,,,,,,,,,,,,,,,,,,,,0.28999999165534973,,,,,,,0,0,0.0,0.0,,,,,,,
-86.6,29.2,0,-1,4,2020,105,0,0.0,39.23571077475213,,,,,,,,,,,,,,,,,,,,,,,,,,,,,,,,,,0.27000001072883606,,,,,,,0,0,0.0,0.0,,,,,,,
-86.6,29.3,0,-1,4,2020,105,0,0.0,36.128420945289044,,,,,,,,,,,,,,,,,,,,,,,,,,,,,,,,,,0.2800000011920929,,,,,,,0,0,0.0,0.0,,,,,,,
-86.6,29.4,0,-1,4,2020,105,0,0.0,32.8230848641623,,,,,,,,,,,,,,,,,,,,,,,,,,,,,,,,,,0.4099999964237213,,,,,,,0,0,0.0,0.0,,,,,,,
-86.6,29.5,0,-1,4,2020,105,0,0.0,29.520243901431442,,,,,,,,,,,,,,,,,,,,,,,,,,,,,,,,,,0.3799999952316284,,,,,,,0,0,0.0,0.0,,,,,,,
-86.6,29.6,0,-1,4,2020,105,0,0.0,26.220617841690917,,,,,,,,,,,,,,,,,,,,,,,,,,,,,,,,,,0.3799999952316284,,,,,,,0,0,0.0,0.0,,,,,,,
-86.6,29.7,0,-1,4,2020,105,0,0.0,22.895680815385248,,,,,,,,,,,,,,,,,,,,,,,,,,,,,,,,,,0.33000001311302185,,,,,,,0,0,0.0,0.0,-1.0,,,,,,
-86.6,29.8,0,-1,4,2020,105,0,0.0,19.608000917992634,,,,,,,,,,,,,,,,,,,,,,,,,,,,,,,,,,0.3199999928474426,,,,,,,0,0,0.0,0.0,-1.0,,,,,,
-86.6,29.9,0,-1,4,2020,105,0,0.0,16.33196252751028,,,,,,,,,,,,,,,,,,,,,,,,,,,,,,,,,,0.25999999046325684,,,,,,,0,0,0.0,0.0,-0.7966101694915254,,,,,,
-86.6,30.0,0,-1,4,2020,105,0,0.0,13.046516776519317,,,,,,,,,,,,,,,,,,,,,,,,,,,,,,,,,,0.3499999940395355,,,,,,,0,0,0.0,0.0,,,,,,,
-86.6,30.1,0,-1,4,2020,105,0,0.0,9.798387622461156,,,,,,,,,,,,,,,,,,,,,,,,,,,,,,,,,,0.27000001072883606,,,,,,,0,0,0.0,0.0,-1.0,,,,,,
-86.6,30.2,0,-1,4,2020,105,0,0.0,6.455648689326271,,,,,,,,,,,,,,,,,,,,,,,,,,,,,,,,,,0.4000000059604645,,,,,,,0,0,0.0,0.0,-0.3333333333333333,,,,,,
-86.6,30.3,0,-1,4,2020,105,0,0.0,3.15,,,,,,,,,,,,,,,,,,,,,,,,,,,,,,,,,,0.4300000071525574,,,,,0.0,,0,0,0.0,0.0,-0.5172413793103449,,,,,,
-86.6,30.4,0,-1,4,2020,105,0,0.0,0.0,0,0,0,0,0,0,1,,,11.699999809265137,13.399999797344208,33.39999979734421,148.8000004887581,269.10000109672546,643.4000025391579,1377.4000036716461,0.795714259147644,0.8966666460037231,0.6589999794960022,30.714284896850586,31.600000381469727,23.211111068725586,14.483333587646484,16.64666748046875,299.31427001953125,299.2066650390625,294.3844299316406,47.98666763305664,48.90888977050781,-2.140000104904175,-1.5499999523162842,-1.5,-1.649999976158142,57.880001068115234,0.6705983598258581,0.003225306641285822,0.0,0.0,0.003225117773712583,0.0,0,0,3.930168784095479,3.1653477808193857,,0.15925878286361694,0.11584748327732086,304.46,291.36,,
-86.6,30.5,0,-1,4,2020,105,34,0.0,0.06,1,0,0,0,0,0,0,0.6005,0.3917,16.49999964237213,18.09999966621399,42.600000619888306,143.79999899864197,264.5999981164932,685.4000006616116,1491.700001180172,0.8885714411735535,0.9586666822433472,0.6966666579246521,30.428571701049805,32.03333282470703,23.266666412353516,14.510000228881836,16.614444732666016,299.78570556640625,299.7300109863281,294.739990234375,44.276668548583984,45.96666717529297,-1.7999999523162842,-1.2200000286102295,-1.1699999570846558,-1.5399999618530273,0.800000011920929,0.06315150288432343,0.7878342313627276,0.0469726290759151,0.0032506134426146566,0.023599230441181007,0.0,17,95,16.383818967793033,49.56267923093634,0.20133528061756728,0.13881200551986694,0.07370270788669586,298.51,291.41333333333336,29.0,46.300000000000004
-86.6,30.6,0,-1,4,2020,105,64,0.0,0.16970562748477142,1,0,0,0,0,0,0,0.6869000000000001,0.46840000000000004,33.60000002384186,34.89999997615814,61.10000038146973,163.19999969005585,280.80000242590904,776.3000063300133,1607.30000731349,1.0028572082519531,1.059999942779541,0.7478888630867004,28.0,30.899999618530273,22.188888549804688,14.793333053588867,16.818889617919922,300.3857116699219,300.70001220703125,295.2066650390625,40.52333450317383,44.07444381713867,-0.8399999737739563,0.9399999976158142,1.3200000524520874,0.6399999856948853,0.5199999809265137,0.00126575869576224,0.570183676244139,0.0048377458001726435,1.70743969417858E-4,0.01497768296403019,8.062909666954406E-4,16,27,13.451083388049891,31.039731542167623,0.10610225398570643,0.14869970083236694,0.07821930944919586,295.23,291.1066666666667,26.5,45.7
-86.6,30.7,0,-1,4,2020,105,22,0.020048197358846664,0.06,0,0,0,0,1,0,0,0.8505,0.6146,34.499999433755875,36.099999487400055,55.399999529123306,153.89999982714653,293.60000041127205,821.6000020802021,1587.1000002026558,1.0371428728103638,1.0836666822433472,0.7565555572509766,28.285715103149414,31.433332443237305,22.544445037841797,14.623332977294922,16.724445343017578,300.4571533203125,300.70001220703125,295.0955505371094,39.220001220703125,43.459999084472656,-0.7699999809265137,1.0800000429153442,-0.6299999952316284,-1.850000023841858,1.2799999713897705,0.04163504831284466,0.21609589365947127,0.5180211656606603,0.0,0.3352812685590913,0.0032251230763879887,26,78,18.455592557776974,60.85195774479942,0.28236380424746077,0.19441503286361694,0.15957917273044586,296.35333333333335,288.54,36.4,49.800000000000004
-86.6,30.8,0,-1,4,2020,105,67,0.0,0.06,1,0,0,0,0,0,0,0.8554,0.5201,59.20000171661377,60.80000174045563,79.60000169277191,173.7000017464161,347.5999989807606,821.099999755621,1517.2000081539154,1.1271429061889648,1.194000005722046,0.8220000267028809,26.714284896850586,32.733333587646484,22.933332443237305,14.273333549499512,16.45222282409668,300.9142761230469,301.3299865722656,295.53778076171875,36.66999816894531,41.56111145019531,-0.7799999713897705,0.8899999856948853,-1.1399999856948853,-2.009999990463257,0.949999988079071,0.22123849033694212,0.5265372843628268,0.16019755147468007,0.030435827389082817,0.21001270722591953,0.04188483330803865,24,79,19.91092781877739,59.86341327399373,0.23233821620619322,0.21083348989486694,0.19174470007419586,296.79333333333335,288.97,24.400000000000002,47.5
-86.6,30.9,0,-1,4,2020,105,45,0.004658143501728773,0.24,0,0,0,0,1,0,0,0.8037000000000001,0.5199,66.0999984741211,72.09999859333038,92.39999783039093,203.69999900460243,363.7999998033047,897.6999951303005,1577.1999979913235,1.1271429061889648,1.2086666822433472,0.8220000267028809,27.428571701049805,33.93333435058594,23.322221755981445,13.823333740234375,16.24333381652832,300.71429443359375,301.1266784667969,295.21112060546875,36.426666259765625,41.71110916137695,0.7799999713897705,1.5399999618530273,-1.100000023841858,-2.5299999713897705,0.3799999952316284,0.0,0.6886004710941085,0.1295445563336864,0.03143367532447002,0.20058364666360803,0.014363627740803388,27,99,20.679919530029224,68.97359382521735,0.2502841554898841,0.44887059926986694,0.7992886304855347,297.21500000000003,290.05,34.6,49.1
-86.6,31.0,0,-1,4,2020,105,84,0.0015161490300670266,0.08485281374238571,0,1,0,0,0,0,0,0.7127,0.42960000000000004,38.00000071525574,50.60000076889992,66.20000058412552,184.79999938607216,322.49999982118607,848.8000003397465,1425.800003260374,1.072857141494751,1.1959999799728394,0.8026666641235352,30.14285659790039,34.96666717529297,23.08888816833496,13.463333129882812,16.262222290039062,300.4285583496094,300.9666748046875,295.0400085449219,37.01333236694336,42.516666412353516,-1.75,-1.190000057220459,-2.1500000953674316,-3.3299999237060547,0.3700000047683716,0.06922376277704685,0.8235035614809949,0.042554402294017434,0.003521961675745574,0.05766626688795283,0.059854379214735375,8,97,21.109091007780986,67.19616937934761,0.1895366880957659,0.45558446645736694,0.8068569898605347,298.896,289.82,34.7,49.2
-86.6,31.1,0,-1,4,2020,105,84,0.0013377927243709564,0.40024992192379,1,0,0,0,0,0,0,0.8251000000000001,0.5341,27.59999966621399,59.79999893903732,84.49999934434891,206.09999978542328,330.9999977648258,815.0999971628189,1340.500000268221,1.0699999332427979,1.2053333520889282,0.8036666512489319,27.285715103149414,33.70000076293945,22.03333282470703,13.569999694824219,16.42888832092285,300.44287109375,301.0566711425781,295.1322326660156,37.5966682434082,43.372222900390625,-2.2300000190734863,-1.7699999809265137,-2.700000047683716,-3.490000009536743,0.25999999046325684,0.0,0.5011872504165653,0.34264900704129614,0.0,0.26956045379038795,0.001985601229302163,16,0,24.594522827405324,91.17180685694551,0.2840553818669049,0.45338720083236694,0.8071011304855347,298.624,290.25,34.800000000000004,49.6
-86.6,31.2,0,-1,4,2020,105,70,0.0042599341832101345,0.37947331922020555,1,0,0,0,0,0,0,0.8341000000000001,0.45680000000000004,25.800000309944153,47.10000067949295,68.90000146627426,188.70000237226486,332.5000021457672,855.9000025093555,1446.0999977886677,1.118571400642395,1.2316666841506958,0.8318888545036316,29.0,35.43333435058594,23.311111450195312,13.059999465942383,15.935555458068848,300.5428466796875,300.9800109863281,295.1000061035156,37.336666107177734,42.70333480834961,-1.4600000381469727,-0.8999999761581421,-2.390000104904175,-2.950000047683716,0.4000000059604645,0.0,0.8926749075274255,0.005466156618507161,4.900256077898265E-4,0.09769794012378277,0.03253453890171036,21,82,20.951845651605467,75.5397621737033,0.26113224434996646,0.27723973989486694,0.30758944153785706,299.668,289.31333333333333,33.7,52.6
-86.6,31.3,0,-1,4,2020,105,89,0.03751588612794876,0.21633307652783934,1,0,0,0,0,0,0,0.8495,0.48850000000000005,15.500000476837158,29.60000067949295,49.100000977516174,171.19999969005585,338.6000003218651,852.1999928951263,1544.899993389845,1.1342856884002686,1.256333351135254,0.8574444651603699,34.71428680419922,38.099998474121094,25.0222225189209,12.463333129882812,15.381111145019531,300.528564453125,301.0,295.10888671875,37.20000076293945,42.21555709838867,0.7599999904632568,1.600000023841858,-1.9500000476837158,-2.440000057220459,0.47999998927116394,0.0,0.7504868610738769,0.02609132755001393,0.03319823465439189,0.0713084787187336,0.08019929689673493,18,99,20.762231014967504,71.0012199391377,0.24353954581049334,0.19124120473861694,0.15866364538669586,299.232,286.24,35.4,53.400000000000006
-86.6,31.4,0,-1,4,2020,105,104,0.3062141537666321,0.03,1,0,0,0,0,0,0,0.7954,0.5906,22.799999713897705,41.20000010728836,61.60000026226044,179.9999998807907,337.89999985694885,839.1999976634979,1590.7999899089336,1.1071428060531616,1.2396667003631592,0.8501111268997192,35.57143020629883,37.79999923706055,25.33333396911621,12.470000267028809,15.411110877990723,300.28570556640625,300.836669921875,295.0466613769531,37.959999084472656,42.537776947021484,-0.7300000190734863,1.0399999618530273,-1.5399999618530273,-2.0,1.0499999523162842,0.21244309559939295,0.5727807283763279,0.0065756196256954984,0.0447964087000506,0.033871635066223864,0.18072205361659086,24,100,19.308501975450138,55.03954978559937,0.21521089339090002,0.19124120473861694,0.15866364538669586,298.86400000000003,286.59000000000003,27.0,50.900000000000006
-86.6,31.5,0,-1,4,2020,105,143,0.026003574952483177,0.03,0,0,1,0,0,0,0,0.6359,0.4454,32.20000058412552,50.10000056028366,80.00000041723251,201.69999825954437,339.29999896883965,804.7000009119511,1584.799998909235,0.9971428513526917,1.1323332786560059,0.7946666479110718,30.14285659790039,34.0,23.366666793823242,13.316666603088379,15.893333435058594,299.4142761230469,300.1233215332031,294.72222900390625,40.026668548583984,43.470001220703125,-0.6499999761581421,0.699999988079071,-1.149999976158142,0.8100000023841858,0.3700000047683716,0.046385755475744854,0.5405603624052017,0.004201295478470334,0.07523132415096839,0.036323918493854974,0.14065330302752493,19,98,16.62568690749601,56.49998925106816,0.08151626970815162,0.30421727895736694,0.33383455872535706,298.92,289.0733333333333,19.1,48.2
-86.6,31.6,0,-1,4,2020,105,89,0.1118977963924408,0.03,1,0,0,0,0,0,0,0.8343,0.6211,39.799999475479126,55.99999910593033,83.59999883174896,198.6999976336956,350.49999618530273,772.4999949336052,1535.6999923288822,1.0628571510314941,1.2089999914169312,0.8517777919769287,33.14285659790039,37.06666564941406,25.988889694213867,12.66333293914795,15.058889389038086,299.9142761230469,300.4966735839844,294.8577880859375,38.21333312988281,42.08444595336914,-0.6700000166893005,-0.029999999329447746,-1.149999976158142,0.699999988079071,0.28999999165534973,0.041438979963570134,0.371421887694297,0.21795702629823646,0.1203415388214319,0.15762534500190428,0.15637951146418497,25,34,19.25147713672681,62.36168333682307,0.2856318522792845,0.30226415395736694,0.32919588685035706,297.73333333333335,288.7,23.8,49.800000000000004
-86.6,31.7,0,-1,4,2020,105,110,0.0,0.042426406871192854,0,0,0,0,0,0,1,0.7759,0.3748,47.69999837875366,60.99999839067459,94.89999729394913,223.09999623894691,379.5999963879585,818.9999989569187,1510.799999922514,1.0214285850524902,1.190333366394043,0.8422222137451172,32.85714340209961,35.83333206176758,24.72222137451172,12.84666633605957,15.322221755981445,299.72857666015625,300.42333984375,294.8933410644531,38.7933349609375,42.32444381713867,-0.5400000214576721,0.8299999833106995,-1.059999942779541,-1.659999966621399,0.33000001311302185,0.11290975313638203,0.6621512684738798,0.13225005927448047,0.0,0.12101682108373314,0.0,19,89,21.81537460264527,70.62517730781711,0.0618038873116401,0.30482763051986694,0.30954256653785706,296.61,288.58,25.8,49.900000000000006
-86.6,31.8,0,-1,4,2020,105,117,0.0,0.15297058540778355,1,0,0,0,0,0,0,0.7645000000000001,0.45430000000000004,32.0,44.99999964237213,78.39999997615814,235.2999954521656,400.8999966084957,854.1999995410442,1483.1999993920326,0.9971428513526917,1.1646666526794434,0.8158888816833496,32.85714340209961,33.96666717529297,22.9777774810791,13.046666145324707,15.804444313049316,299.77142333984375,300.3933410644531,294.79998779296875,39.143333435058594,42.76222229003906,1.0399999618530273,1.4500000476837158,-1.190000057220459,-2.009999990463257,0.6299999952316284,2.529980266153924E-4,0.5660784735218253,0.15833796975367964,0.0,0.07956155243977864,0.10884629002073745,21,99,22.17884218153504,62.34171495002908,0.22427148653633347,0.31984227895736694,0.32651033997535706,297.2633333333333,286.165,30.5,51.0
-86.6,31.9,0,-1,4,2020,105,154,0.007228577509522438,0.06,1,0,0,0,0,0,0,0.8225,0.46890000000000004,45.60000079870224,52.40000081062317,89.99999976158142,320.29999965429306,474.99999606609344,935.5999937057495,1523.5999944508076,0.9585714340209961,1.1736667156219482,0.8285555243492126,35.28571319580078,34.63333511352539,22.77777862548828,12.693333625793457,15.606666564941406,299.3714294433594,300.3033447265625,294.78668212890625,39.926666259765625,43.23444366455078,1.5199999809265137,1.9500000476837158,-1.1799999475479126,-2.109999895095825,0.4399999976158142,0.15438312509484547,0.7331959336435366,0.04240845640299415,0.0,0.038206117004463205,0.12047339672263807,22,96,20.908123108933587,64.21658733407713,0.35023434171282486,0.32203954458236694,0.32382479310035706,295.42400000000004,285.695,43.1,55.0
-86.6,32.0,0,-1,4,2020,105,157,0.026903090998530388,0.0,1,0,0,0,0,0,0,0.7891,0.5790000000000001,70.5,73.20000004768372,106.5,327.1000018417835,470.8000030517578,896.400005698204,1561.1999987959862,0.9128571152687073,1.153666615486145,0.8256666660308838,37.14285659790039,35.53333282470703,23.77777862548828,12.479999542236328,15.328888893127441,298.6856994628906,300.0299987792969,294.6555480957031,40.31999969482422,43.13999938964844,1.2300000190734863,1.75,-0.7900000214576721,-1.4700000286102295,0.6499999761581421,0.0762694719805786,0.8327548820654824,0.01148684102389036,0.0,0.02533110271820817,0.0751069976798731,23,3,23.603973644903412,73.84835193619432,0.36701946056674634,0.31947606801986694,0.32077303528785706,294.708,288.045,30.200000000000003,51.1
-86.6,32.1,0,-1,4,2020,105,82,0.0,0.03,1,0,0,0,0,0,0,0.8462000000000001,0.638,62.29999852180481,66.29999852180481,96.29999804496765,323.79999989271164,466.20000046491623,849.5000023543835,1521.9000047147274,0.8728571534156799,1.093000054359436,0.7878888845443726,32.71428680419922,32.56666564941406,22.299999237060547,13.436666488647461,15.90666675567627,298.4285583496094,299.6600036621094,294.2166748046875,39.9566650390625,42.36666488647461,1.5399999618530273,2.0799999237060547,0.6700000166893005,0.6600000262260437,0.3499999940395355,0.06449165402124432,0.3157708404455738,0.18552516784887904,0.0,0.17458525760453766,0.41026881108624436,21,97,18.014926809447967,46.19131922937269,0.3836549375709421,0.38783544301986694,0.40634432435035706,296.245,285.45,24.900000000000002,49.300000000000004
-86.6,32.2,0,-1,4,2020,105,60,4.782179603353143E-4,0.10816653826391967,0,0,0,0,1,0,0,0.7356,0.5373,35.900001525878906,38.70000147819519,65.60000133514404,323.3000046014786,462.90000373125076,862.0000041723251,1498.4000009596348,0.8485714197158813,1.0763332843780518,0.7754444479942322,32.42856979370117,32.29999923706055,21.177778244018555,13.50666618347168,16.098888397216797,298.1000061035156,299.4866638183594,294.0655517578125,40.03333282470703,42.32999801635742,1.090000033378601,1.559999942779541,-1.0499999523162842,0.6600000262260437,0.4000000059604645,0.012900941009814834,0.2959852318741169,0.20108927572331262,0.0,0.2867527956869075,0.44448202505397383,22,100,17.17996994846,48.994609904866586,0.2271186440677966,0.38344091176986694,0.40500155091285706,295.83,285.35,29.6,50.0
-86.6,32.3,0,-1,4,2020,105,109,0.17524102330207825,0.042426406871192854,0,0,0,1,0,0,0,0.7353000000000001,0.5678000000000001,32.10000038146973,34.30000042915344,59.10000026226044,314.6000023782253,458.50000262260437,887.4999988377094,1536.4999935030937,0.822857141494751,1.0509999990463257,0.757888913154602,30.428571701049805,31.366666793823242,20.511110305786133,13.696666717529297,16.258888244628906,297.81427001953125,299.25665283203125,293.8399963378906,40.56999969482422,42.83333206176758,2.619999885559082,3.309999942779541,1.4199999570846558,1.440000057220459,0.8199999928474426,0.15653626195657674,0.4338834224159453,0.011938439753076274,0.0,0.16258163241569248,0.43404778536727195,20,5,17.55957760829298,47.38124110886746,0.21054457162677767,0.30250829458236694,0.33835116028785706,296.332,286.33,22.400000000000002,47.6
-86.6,32.4,0,-1,4,2020,105,58,0.0018552400870248675,0.21840329667841554,0,0,0,0,1,0,0,0.6711,0.5047,22.499999582767487,24.999999582767487,45.800000071525574,277.0000042915344,451.60000294446945,944.6000030636787,1636.400006532669,0.7542856931686401,0.9399999976158142,0.6971111297607422,25.428571701049805,26.066667556762695,17.155555725097656,15.603333473205566,17.448888778686523,297.8143005371094,299.11334228515625,293.8777770996094,42.18000030517578,44.040000915527344,3.640000104904175,4.360000133514404,2.430000066757202,2.380000114440918,0.5099999904632568,0.0,0.03316654708208348,0.33346081998147753,0.29292322669760057,0.2971499916814285,0.2518767404298092,25,100,12.406208414859478,30.9152334904217,0.2203154792858381,0.34303563833236694,0.37375155091285706,297.82,286.175,21.1,46.5
-86.6,32.5,0,-1,4,2020,105,142,0.13262157142162323,0.06,1,0,0,0,0,0,0,0.8529,0.6038,25.799999952316284,28.5,52.299999952316284,282.6000020503998,484.2000017762184,945.3000020086765,1558.000005453825,0.7614285945892334,0.9546666741371155,0.6976666450500488,26.714284896850586,28.03333282470703,18.577777862548828,14.883333206176758,16.912221908569336,297.3714294433594,298.7533264160156,293.3900146484375,41.82666778564453,43.72666549682617,2.8499999046325684,3.380000114440918,1.2999999523162842,1.0800000429153442,0.6000000238418579,0.02580057671877371,0.6151468315301388,0.09282736430212744,0.0,0.12497111293943103,0.09291270390634132,20,24,20.354665369171308,68.5600021265567,0.24973544973544973,0.18922704458236694,0.13852204382419586,296.19,284.995,22.0,47.7
-86.6,32.6,0,-1,4,2020,105,147,0.37127622961997986,0.15,0,0,0,1,0,0,0,0.5752,0.42100000000000004,41.39999961853027,47.09999942779541,67.59999948740005,322.7999959886074,517.799998909235,1015.9999934434891,1474.699993133545,0.7442857027053833,0.9440000057220459,0.6771110892295837,26.14285659790039,26.566667556762695,17.4777774810791,14.91333293914795,17.183332443237305,296.9571228027344,298.45001220703125,293.022216796875,42.459999084472656,44.16666793823242,2.430000066757202,2.940000057220459,-1.149999976158142,0.5400000214576721,0.9399999976158142,1.5180649731808528E-4,0.2453445006321112,0.07056257901390643,0.035369785082174456,0.0870074404144868,0.39982616940581533,21,49,14.958450005245206,36.48074171031984,0.07080828323313293,0.18977636098861694,0.13998688757419586,297.48,284.71500000000003,18.2,45.0
-86.6,32.7,0,-1,4,2020,105,182,0.09189626574516296,0.09,1,0,0,0,0,0,0,0.7798,0.5257000000000001,56.89999848604202,63.89999848604202,92.09999802708626,379.2999994456768,584.699998229742,1078.199993520975,1548.7999957799911,0.6985714435577393,0.9079999923706055,0.6480000019073486,24.714284896850586,25.53333282470703,17.5222225189209,14.949999809265137,17.135555267333984,296.028564453125,297.7200012207031,292.3477783203125,43.77333450317383,45.19444274902344,2.569999933242798,2.819999933242798,-1.9600000381469727,-2.630000114440918,0.550000011920929,0.05161420908814897,0.42306756299758846,0.09891877712143765,0.008290112863107258,0.05412044542294653,0.1969115141861119,20,85,18.16176474519185,56.08658059177372,0.24965679545008826,0.19862645864486694,0.14364899694919586,295.56,285.125,20.6,47.800000000000004
-86.6,32.8,0,-1,4,2020,105,171,0.13364183902740479,0.06,0,0,0,1,0,0,0,0.6536000000000001,0.46950000000000003,72.69999924302101,80.39999905228615,112.59999969601631,401.39999681711197,624.499995470047,1135.7999977469444,1588.9999971985817,0.727142870426178,0.9273333549499512,0.6584444642066956,24.428571701049805,25.399999618530273,17.433332443237305,15.00666618347168,17.15999984741211,296.3571472167969,297.9366760253906,292.510009765625,43.540000915527344,45.22111129760742,3.180000066757202,3.319999933242798,-2.2300000190734863,-2.8299999237060547,1.8300000429153442,0.21178851505185936,0.3095265937441729,0.08824654165968729,0.0,0.06438394330289175,0.38534934214892747,19,0,18.746591041853286,39.42804084930528,0.2245639534883721,0.35463231801986694,0.36752596497535706,295.68,284.545,20.8,47.300000000000004
-86.6,32.9,0,-1,4,2020,105,182,0.3865831196308136,0.06,1,0,0,0,0,0,0,0.7342000000000001,0.5215000000000001,50.99999964237213,56.49999964237213,122.79999935626984,409.59999591112137,713.4999966025352,1238.199996471405,1655.1999988853931,0.7171428799629211,0.8963333368301392,0.6405555605888367,22.85714340209961,23.0,16.03333282470703,15.40999984741211,17.406665802001953,295.8714294433594,297.4966735839844,292.2144470214844,44.63333511352539,45.75555419921875,3.9100000858306885,4.079999923706055,-1.940000057220459,-2.640000104904175,1.840000033378601,0.11666245259165617,0.6353884857525728,0.00649161841672777,0.0,0.028882379680347642,0.20202396905261563,25,99,20.010292816088892,65.54122693736696,0.2248615824254331,0.34022802114486694,0.36288729310035706,293.88,284.65000000000003,20.900000000000002,47.800000000000004
-86.6,33.0,0,-1,4,2020,105,192,0.011561498045921326,0.09,1,0,0,0,0,0,0,0.7123,0.46730000000000005,49.50000071525574,54.8000009059906,137.40000128746033,438.2999958693981,721.1999980807304,1225.8999990224838,1703.7999976277351,0.7257142663002014,0.9166666865348816,0.6553333401679993,23.85714340209961,22.53333282470703,15.922222137451172,15.393333435058594,17.35444450378418,295.8571472167969,297.67333984375,292.368896484375,44.02333450317383,45.2488899230957,3.9800000190734863,4.039999961853027,-1.25,-2.049999952316284,0.6800000071525574,0.049729346891283464,0.7474637658257851,0.011102542871048685,0.0,0.007371578844645709,0.02294462318355065,21,95,20.766511771254272,75.36720959615985,0.17072181670721817,0.34022802114486694,0.36288729310035706,293.94,285.7666666666667,32.300000000000004,47.7
-86.6,33.1,0,-1,4,2020,105,177,0.015806104987859726,0.12727922061357855,1,0,0,0,0,0,0,0.8074,0.5017,37.79999923706055,42.79999923706055,121.0999984741211,416.30000019073486,686.6000029742718,1213.9000029861927,1702.1000019311905,0.7528571486473083,0.95333331823349,0.6739999651908875,27.0,23.96666717529297,16.988889694213867,14.933333396911621,17.040000915527344,295.8571472167969,297.74334716796875,292.3077697753906,43.029998779296875,44.581111907958984,3.6500000953674316,3.7200000286102295,-1.1799999475479126,-2.259999990463257,0.6000000238418579,0.01770090527486977,0.6335854220458053,0.012729795242444443,0.0,0.01253773150840079,0.07103781962752388,25,99,21.491817813894535,66.29464167841627,0.2770221904080172,0.29750341176986694,0.31637850403785706,294.40000000000003,285.6333333333333,27.3,47.2
-86.6,33.2,0,-1,4,2020,105,170,0.010397647507488728,0.21,1,0,0,0,0,0,0,0.6789000000000001,0.3669,34.200000047683716,39.10000014305115,100.60000163316727,389.9000027179718,659.8000057935715,1191.000005722046,1704.4000009000301,0.7214285731315613,0.9246666431427002,0.657444417476654,27.85714340209961,24.96666717529297,17.155555725097656,14.703333854675293,16.947778701782227,295.5714416503906,297.4966735839844,292.10888671875,44.176666259765625,45.45111083984375,3.509999990463257,3.7100000381469727,-0.9700000286102295,-2.069999933242798,0.7699999809265137,0.0,0.7018240194157579,0.016116595669375944,0.0,0.015924956480279747,0.05745408350292629,18,99,21.191119623983102,73.28559523181605,0.07173174872665534,0.31202977895736694,0.35348787903785706,293.62,281.34000000000003,28.0,49.5
-86.6,33.3,0,-1,4,2020,105,151,0.26790428161621094,0.03,0,0,0,0,0,0,1,0.7537,0.5443,29.899999618530273,35.299999713897705,96.59999990463257,378.59999719262123,644.7999970316887,1207.7999920845032,1718.199998497963,0.7400000095367432,0.9416666626930237,0.6708889007568359,27.571428298950195,24.66666603088379,16.72222137451172,14.829999923706055,17.031110763549805,295.5714416503906,297.58001708984375,292.22222900390625,43.22333526611328,44.46444320678711,3.609999895095825,3.9000000953674316,-0.5199999809265137,-2.059999942779541,1.2300000190734863,0.10911022307653398,0.5938806531432599,0.0893473939685058,0.0,0.08555014179316152,0.1985153536700597,22,44,22.919587694783324,68.89280445914902,0.21028633959511217,0.41920751333236694,0.45736971497535706,293.4866666666667,284.075,23.200000000000003,48.6
-86.6,33.4,0,-1,4,2020,105,188,0.7643784880638123,0.06,1,0,0,0,0,0,0,0.8202,0.49510000000000004,42.59999990463257,51.59999990463257,117.70000064373016,371.80000138282776,653.5000028908253,1218.5000101327896,1687.5000117719173,0.6442857384681702,0.8453333377838135,0.601555585861206,28.0,24.866666793823242,16.85555648803711,14.696666717529297,16.864444732666016,294.471435546875,296.3233337402344,290.98779296875,47.26000213623047,48.26777648925781,3.5399999618530273,3.869999885559082,-0.8600000143051147,-2.309999942779541,1.4500000476837158,0.10310998735777498,0.9377488591978359,0.001611659566937594,0.0,0.006796519987623386,0.004834978700812782,25,100,25.90084440548362,94.59983475771473,0.3263157894736842,0.31129735708236694,0.31918612122535706,292.38,285.315,33.5,48.900000000000006
-86.6,33.5,0,-1,4,2020,105,217,0.14755503833293915,0.06,1,0,0,0,0,0,0,0.7662,0.4857,77.19999980926514,89.0,195.70000052452087,435.9000005722046,707.8000014424324,1261.7999994754791,1744.3999994397163,0.6957142949104309,0.9110000133514404,0.6538888812065125,26.571428298950195,23.633333206176758,17.155555725097656,14.949999809265137,16.78333282470703,294.6571350097656,296.76666259765625,291.4744567871094,44.70333480834961,45.746665954589844,3.6500000953674316,3.819999933242798,-0.9599999785423279,-2.3299999237060547,1.340000033378601,0.13568322039041167,0.6728402864239355,0.01853349933955646,0.0,0.0052857542981195734,0.19618333154265705,30,100,24.75739795580185,75.8846770421062,0.2257690075449797,0.32435888051986694,0.33944979310035706,292.5,285.22,24.200000000000003,49.300000000000004
-86.6,33.6,0,-1,4,2020,105,261,0.0,0.042426406871192854,0,0,0,0,0,0,1,0.8321000000000001,0.5,79.80000305175781,92.80000305175781,186.60000228881836,427.50000232458115,702.1000024974346,1273.5000016391277,1883.4000006616116,0.6657142639160156,0.8650000095367432,0.6195555329322815,25.428571701049805,22.066667556762695,15.666666984558105,15.323332786560059,17.233333587646484,294.1714172363281,296.2699890136719,290.98443603515625,45.253334045410156,46.13999938964844,3.9600000381469727,3.9200000762939453,1.159999966621399,0.5199999809265137,3.190000057220459,0.3001821125050587,0.5057810500371289,0.0011818052549255051,0.0,0.004795218633658445,0.0707787591044823,29,100,23.402523148725564,65.49985036228081,0.25592233009708737,0.33790868520736694,0.35653963685035706,295.105,286.79,23.8,49.400000000000006
-86.6,33.7,0,-1,4,2020,105,303,0.10140392184257507,0.0670820393249937,1,0,0,0,0,0,0,0.7802,0.5319,85.49999696016312,100.79999715089798,208.89999696612358,432.69999650120735,687.4999969005585,1277.6999994814396,1918.8000008761883,0.6328571438789368,0.8226666450500488,0.5811111330986023,24.285715103149414,21.03333282470703,14.744444847106934,15.523333549499512,17.29777717590332,293.6571350097656,295.63665771484375,290.24334716796875,46.60333251953125,48.01444625854492,4.349999904632568,4.360000133514404,2.0999999046325684,1.0199999809265137,8.239999771118164,0.4134338172070204,0.5833530826278884,8.057712178520984E-4,0.0,0.0024600258439213206,0.13960065346465822,28,97,23.66653739972772,62.735022050687746,0.21876216426625145,0.44044774770736694,0.45785799622535706,292.52500000000003,279.42,24.900000000000002,49.300000000000004
-86.6,33.8,0,-1,4,2020,105,275,0.09156623482704163,0.09,0,0,1,0,0,0,0,0.8286,0.5321,115.80000150203705,127.30000150203705,221.7000025510788,468.600006878376,737.7000071108341,1323.7000043392181,1894.0000104308128,0.5785714387893677,0.7770000100135803,0.5475555658340454,24.0,19.733333587646484,14.222222328186035,15.776666641235352,17.585556030273438,293.0714416503906,295.27667236328125,289.86334228515625,47.70333480834961,49.33555603027344,4.449999809265137,4.420000076293945,1.8899999856948853,0.6299999952316284,0.7300000190734863,0.1242669362992922,0.6165413771420092,0.00725194096066889,0.0,0.005158016385536322,0.2036073271462745,18,27,21.407530356834112,66.1860230007883,0.3165537270087125,0.30446141958236694,0.30624666810035706,291.93,286.18,31.900000000000002,51.800000000000004
-86.6,33.9,0,-1,4,2020,105,177,0.16859908401966095,0.0670820393249937,1,0,0,0,0,0,0,0.6844,0.44470000000000004,126.60000324249268,134.20000314712524,241.4000039100647,497.400004863739,784.300000667572,1416.400001168251,2134.0999996960163,0.595714271068573,0.8063333034515381,0.5827777981758118,21.0,16.600000381469727,12.95555591583252,16.766666412353516,17.987777709960938,293.4857177734375,295.9333190917969,290.6177673339844,46.27666473388672,47.38888931274414,6.110000133514404,6.039999961853027,3.75,2.549999952316284,0.9900000095367432,0.12902736330989834,0.5346254348519842,0.004028601490740535,0.0,0.005800950799848746,0.31802570089766713,22,22,20.232509909607323,55.29319699062449,0.20661457386879883,0.31398290395736694,0.31003084778785706,293.02500000000003,278.86,23.400000000000002,49.2
-86.6,34.0,0,-1,4,2020,105,167,0.059284307062625885,0.0,1,0,0,0,0,0,0,0.7762,0.5195000000000001,132.10000324249268,135.20000314712524,258.9000029563904,516.9000055789948,775.3000092804432,1395.9000079333782,2026.5000024437904,0.5414285659790039,0.7599999904632568,0.5503333210945129,19.571428298950195,15.433333396911621,12.477777481079102,17.14666748046875,18.184444427490234,292.8285827636719,295.27667236328125,289.98333740234375,47.5533332824707,48.40999984741211,5.360000133514404,5.070000171661377,3.0299999713897705,1.4800000190734863,0.6299999952316284,0.04030545160311522,0.4089097992625197,0.002764761456381544,0.018531801076203145,0.0064457978715875336,0.3954999162672245,22,93,17.705794176535754,43.57839233269583,0.2727272727272727,0.31874364614486694,0.31357088685035706,290.72,278.42,27.200000000000003,48.5
-86.6,34.1,0,-1,4,2020,105,246,0.06625218689441681,0.0670820393249937,0,0,0,1,0,0,0,0.7449,0.4728,125.90000343322754,128.5000033378601,248.80000352859497,514.6000068187714,780.1000030636787,1387.9999991357327,1985.2999987900257,0.5371428728103638,0.746666669845581,0.5386666655540466,20.428571701049805,15.533333778381348,12.61111068725586,17.190000534057617,18.203332901000977,292.72857666015625,295.07666015625,289.7711181640625,47.96666717529297,48.82444381713867,4.480000019073486,4.170000076293945,2.0299999713897705,0.9300000071525574,0.6000000238418579,0.048895181271173566,0.2956519541086996,0.0016114405962962145,0.04119600489119617,0.0019659186840628663,0.5332193739395301,7,0,16.701031856891817,29.833355516756317,0.26469588854909953,0.28065770864486694,0.25790682435035706,293.3266666666667,293.38,17.900000000000002,47.0
-86.6,34.2,0,-1,4,2020,105,257,0.05699823796749115,0.06,0,0,0,1,0,0,0,0.812,0.604,112.29999655485153,113.09999656677246,225.59999704360962,449.1999976634979,709.3999978899956,1346.2999988794327,1965.6999931931496,0.5242857336997986,0.7326666712760925,0.5273333191871643,19.0,15.199999809265137,11.811111450195312,17.246665954589844,18.282222747802734,292.8285827636719,295.1300048828125,289.6777648925781,48.3033332824707,49.391109466552734,4.440000057220459,4.210000038146973,2.2899999618530273,1.2999999523162842,0.75,0.06447208737864077,0.30350586733565454,0.0,0.027393538031835907,0.0010670993701535696,0.5566859822178972,6,0,16.09934377318621,27.486520936731026,0.2259904912836767,0.31178563833236694,0.37338533997535706,292.62666666666667,293.6,20.0,47.2
-86.6,34.3,0,-1,4,2020,105,313,1.4382200241088867,0.042426406871192854,0,0,0,1,0,0,0,0.8004,0.5653,151.9000062942505,152.80000627040863,254.20000565052032,435.7000061869621,691.6000022292137,1329.600005298853,1930.800008058548,0.522857129573822,0.7379999756813049,0.5241110920906067,18.714284896850586,15.100000381469727,11.800000190734863,17.136667251586914,18.19333267211914,292.5857238769531,294.9599914550781,289.4277648925781,48.400001525878906,50.15666580200195,4.150000095367432,4.099999904632568,2.2899999618530273,1.5399999618530273,1.1299999952316284,0.12729479593384918,0.1971715729176211,0.00563979260729034,0.03886559600127645,0.008764090380629832,0.6188637634636224,7,0,14.8583357981915,18.896559804414228,0.2459731543624161,0.31264013051986694,0.37436190247535706,291.21500000000003,278.24,17.3,47.5
-86.6,34.4,0,-1,4,2020,105,204,0.3759383261203766,0.042426406871192854,1,0,0,0,0,0,0,0.8148000000000001,0.5526,150.0999937057495,150.0999937057495,244.29999351501465,412.3999927043915,678.4999976754189,1296.6000012159348,1840.8000038564205,0.5328571200370789,0.7536666393280029,0.5501111149787903,19.285715103149414,15.766666412353516,12.222222328186035,17.059999465942383,18.176666259765625,292.6000061035156,295.1233215332031,289.80999755859375,48.356666564941406,49.28444290161133,3.299999952316284,3.2300000190734863,1.25,-1.3899999856948853,0.5600000023841858,0.11603215531624449,0.6036643160448887,0.09465359923162464,0.0895858608836315,0.04174061255756662,0.1649005408957637,24,100,21.746608639772635,67.98586941823817,0.2536308891250443,0.28847020864486694,0.26376619935035706,290.67,286.24,24.400000000000002,48.800000000000004
-86.6,34.5,0,-1,4,2020,105,379,1.3276939392089844,0.0,1,0,0,0,0,0,0,0.7479,0.4625,156.30000001192093,156.30000001192093,318.1999996304512,506.099999666214,812.6000060737133,1502.7000007033348,2146.3999949395657,0.5157142877578735,0.7103333473205566,0.5189999938011169,16.714284896850586,12.399999618530273,10.433333396911621,17.8700008392334,18.692222595214844,292.0714416503906,294.4433288574219,289.24554443359375,49.32666778564453,50.04999923706055,6.139999866485596,5.710000038146973,3.4800000190734863,2.25,1.1699999570846558,0.16627906976744183,0.6368992894626256,0.0,0.0022020655817465485,0.011577131425007192,0.22543843852382592,24,100,22.342173911896676,64.70076312481167,0.2191535150645624,0.36293309926986694,0.39023104310035706,290.435,283.6466666666667,24.6,49.2
-86.6,34.6,0,-1,4,2020,105,179,0.0,0.03,1,0,0,0,0,0,0,0.7401,0.39780000000000004,137.8999983072281,137.8999983072281,309.5999971628189,486.999995470047,764.5999894738197,1435.2999890744686,2072.5999841690063,0.5285714268684387,0.7080000042915344,0.5144444704055786,16.85714340209961,12.633333206176758,10.844444274902344,17.89666748046875,18.642221450805664,292.29998779296875,294.586669921875,289.3255615234375,48.95000076293945,49.72888946533203,5.429999828338623,4.699999809265137,2.8299999237060547,2.380000114440918,4.0,0.31959336435363134,0.19406752619823153,0.22540430734624642,0.019337880573344006,0.24791336542957146,0.18370828581267448,22,4,18.45454721925653,40.22624177317971,0.20662223177811223,0.36293309926986694,0.39023104310035706,289.52,283.5466666666667,24.200000000000003,50.0
-86.6,34.7,0,-1,4,2020,105,182,0.0,0.0,0,0,0,0,0,0,1,0.4837,0.2766,113.40000039339066,113.40000039339066,332.2999992966652,498.59999907016754,768.3999949991703,1367.2999972701073,1977.2999995350838,0.514285683631897,0.6886666417121887,0.5017777681350708,18.0,13.366666793823242,10.899999618530273,17.996665954589844,18.700000762939453,292.25714111328125,294.5799865722656,289.3011169433594,49.67333221435547,50.27333450317383,4.829999923706055,3.7899999618530273,1.7400000095367432,1.840000033378601,29.489999771118164,0.8014058865176495,0.010472974040293306,0.010194958439827,0.0073137058531761705,0.046950570765004536,0.040043724271709706,0,0,12.624754071741176,7.632291132221172,0.0867726998188041,0.43739598989486694,0.46689119935035706,294.585,284.00666666666666,,
-86.6,34.8,0,-1,4,2020,105,267,3.646760940551758,0.0,1,0,0,0,0,0,0,0.8711000000000001,0.5791000000000001,107.80000114440918,107.80000114440918,285.6000018119812,446.40000200271606,725.7000045776367,1381.599999666214,1954.4999980032444,0.488571435213089,0.6299999952316284,0.45144444704055786,15.714285850524902,11.566666603088379,8.755555152893066,18.513334274291992,19.422222137451172,291.77142333984375,293.9666748046875,288.5733337402344,50.76333236694336,51.90444564819336,4.820000171661377,4.130000114440918,2.140000104904175,1.899999976158142,5.78000020980835,0.4898609355246522,0.431054527073987,0.008021103178113342,0.0,0.01066762361575125,0.07071144247172545,27,100,22.15068005899049,52.92176140995618,0.1817327570005638,0.43739598989486694,0.45822420716285706,292.73,279.51,17.2,47.900000000000006
-86.6,34.9,0,-1,4,2020,105,248,0.11946425586938858,0.09,0,0,1,0,0,0,0,0.5316000000000001,0.35650000000000004,93.10000276565552,93.10000276565552,258.0000042915344,407.40000611543655,683.2000077366829,1385.2000014185905,1916.2000067532063,0.4642857313156128,0.5956666469573975,0.43400001525878906,15.857142448425293,11.366666793823242,8.899999618530273,18.75,19.531110763549805,291.70001220703125,293.8933410644531,288.5577697753906,51.95333480834961,52.67333221435547,4.639999866485596,4.070000171661377,2.0,1.2000000476837158,1.3600000143051147,0.11920898239935261,0.03622492497235825,0.1234244195229822,0.6902100773969356,0.12003600574757663,0.09616806191754862,19,95,8.207349979494877,14.636330267640664,0.040145985401459854,0.43617528676986694,0.45236483216285706,294.28000000000003,278.81,12.5,43.7
-86.5,24.6,0,-1,4,2020,105,0,0.0,1390.2285000315594,,,,,,,,,,,,,,,,,,,,,,,,,,,,,,,,,,0.27000001072883606,,,,,,,0,0,0.0,0.0,,,,,,,
-86.5,24.7,0,-1,4,2020,105,0,0.0,1390.2285000315594,,,,,,,,,,,,,,,,,,,,,,,,,,,,,,,,,,0.28999999165534973,,,,,,,0,0,0.0,0.0,,,,,,,
-86.5,24.8,0,-1,4,2020,105,0,0.0,1390.2285000315594,,,,,,,,,,,,,,,,,,,,,,,,,,,,,,,,,,0.3100000023841858,,,,,,,0,0,0.0,0.0,,,,,,,
-86.5,24.9,0,-1,4,2020,105,0,0.0,1390.2285000315594,,,,,,,,,,,,,,,,,,,,,,,,,,,,,,,,,,0.3499999940395355,,,,,,,0,0,0.0,0.0,,,,,,,
-86.5,25.0,0,-1,4,2020,105,0,0.0,1390.2285000315594,,,,,,,,,,,,,,,,,,,,,,,,,,,,,,,,,,0.3499999940395355,,,,,,,0,0,0.0,0.0,,,,,,,
-86.5,25.1,0,-1,4,2020,105,0,0.0,1390.2285000315594,,,,,,,,,,,,,,,,,,,,,,,,,,,,,,,,,,0.28999999165534973,,,,,,,0,0,0.0,0.0,,,,,,,
-86.5,25.2,0,-1,4,2020,105,0,0.0,1390.2285000315594,,,,,,,,,,,,,,,,,,,,,,,,,,,,,,,,,,0.25999999046325684,,,,,,,0,0,0.0,0.0,,,,,,,
-86.5,25.3,0,-1,4,2020,105,0,0.0,1390.2285000315594,,,,,,,,,,,,,,,,,,,,,,,,,,,,,,,,,,0.33000001311302185,,,,,,,0,0,0.0,0.0,,,,,,,
-86.5,25.4,0,-1,4,2020,105,0,0.0,1390.2285000315594,,,,,,,,,,,,,,,,,,,,,,,,,,,,,,,,,,0.3199999928474426,,,,,,,0,0,0.0,0.0,,,,,,,
-86.5,25.5,0,-1,4,2020,105,0,0.0,1390.2285000315594,,,,,,,,,,,,,,,,,,,,,,,,,,,,,,,,,,0.28999999165534973,,,,,,,0,0,0.0,0.0,,,,,,,
-86.5,25.6,0,-1,4,2020,105,0,0.0,1390.2285000315594,,,,,,,,,,,,,,,,,,,,,,,,,,,,,,,,,,0.36000001430511475,,,,,,,0,0,0.0,0.0,,,,,,,
-86.5,25.7,0,-1,4,2020,105,0,0.0,1390.2285000315594,,,,,,,,,,,,,,,,,,,,,,,,,,,,,,,,,,0.3100000023841858,,,,,,,0,0,0.0,0.0,,,,,,,
-86.5,25.8,0,-1,4,2020,105,0,0.0,1390.2285000315594,,,,,,,,,,,,,,,,,,,,,,,,,,,,,,,,,,0.33000001311302185,,,,,,,0,0,0.0,0.0,,,,,,,
-86.5,25.9,0,-1,4,2020,105,0,0.0,1390.2285000315594,,,,,,,,,,,,,,,,,,,,,,,,,,,,,,,,,,0.30000001192092896,,,,,,,0,0,0.0,0.0,,,,,,,
-86.5,26.0,0,-1,4,2020,105,0,0.0,1390.2285000315594,,,,,,,,,,,,,,,,,,,,,,,,,,,,,,,,,,0.3100000023841858,,,,,,,0,0,0.0,0.0,,,,,,,
-86.5,26.1,0,-1,4,2020,105,0,0.0,1390.2285000315594,,,,,,,,,,,,,,,,,,,,,,,,,,,,,,,,,,0.25999999046325684,,,,,,,0,0,0.0,0.0,,,,,,,
-86.5,26.2,0,-1,4,2020,105,0,0.0,1390.2285000315594,,,,,,,,,,,,,,,,,,,,,,,,,,,,,,,,,,0.3199999928474426,,,,,,,0,0,0.0,0.0,,,,,,,
-86.5,26.3,0,-1,4,2020,105,0,0.0,1390.2285000315594,,,,,,,,,,,,,,,,,,,,,,,,,,,,,,,,,,0.30000001192092896,,,,,,,0,0,0.0,0.0,,,,,,,
-86.5,26.4,0,-1,4,2020,105,0,0.0,1390.2285000315594,,,,,,,,,,,,,,,,,,,,,,,,,,,,,,,,,,0.3100000023841858,,,,,,,0,0,0.0,0.0,,,,,,,
-86.5,26.5,0,-1,4,2020,105,0,0.0,1390.2285000315594,,,,,,,,,,,,,,,,,,,,,,,,,,,,,,,,,,0.3799999952316284,,,,,,,0,0,0.0,0.0,,,,,,,
-86.5,26.6,0,-1,4,2020,105,0,0.0,1390.2285000315594,,,,,,,,,,,,,,,,,,,,,,,,,,,,,,,,,,0.25,,,,,,,0,0,0.0,0.0,,,,,,,
-86.5,26.7,0,-1,4,2020,105,0,0.0,1390.2285000315594,,,,,,,,,,,,,,,,,,,,,,,,,,,,,,,,,,0.25999999046325684,,,,,,,0,0,0.0,0.0,,,,,,,
-86.5,26.8,0,-1,4,2020,105,0,0.0,1390.2285000315594,,,,,,,,,,,,,,,,,,,,,,,,,,,,,,,,,,0.30000001192092896,,,,,,,0,0,0.0,0.0,,,,,,,
-86.5,26.9,0,-1,4,2020,105,0,0.0,1390.2285000315594,,,,,,,,,,,,,,,,,,,,,,,,,,,,,,,,,,0.3100000023841858,,,,,,,0,0,0.0,0.0,,,,,,,
-86.5,27.0,0,-1,4,2020,105,0,0.0,1390.2285000315594,,,,,,,,,,,,,,,,,,,,,,,,,,,,,,,,,,0.3400000035762787,,,,,,,0,0,0.0,0.0,,,,,,,
-86.5,27.1,0,-1,4,2020,105,0,0.0,1390.2285000315594,,,,,,,,,,,,,,,,,,,,,,,,,,,,,,,,,,0.3700000047683716,,,,,,,0,0,0.0,0.0,,,,,,,
-86.5,27.2,0,-1,4,2020,105,0,0.0,1390.2285000315594,,,,,,,,,,,,,,,,,,,,,,,,,,,,,,,,,,0.30000001192092896,,,,,,,0,0,0.0,0.0,,,,,,,
-86.5,27.3,0,-1,4,2020,105,0,0.0,1390.2285000315594,,,,,,,,,,,,,,,,,,,,,,,,,,,,,,,,,,0.2800000011920929,,,,,,,0,0,0.0,0.0,,,,,,,
-86.5,27.4,0,-1,4,2020,105,0,0.0,1390.2285000315594,,,,,,,,,,,,,,,,,,,,,,,,,,,,,,,,,,0.28999999165534973,,,,,,,0,0,0.0,0.0,,,,,,,
-86.5,27.5,0,-1,4,2020,105,0,0.0,1390.2285000315594,,,,,,,,,,,,,,,,,,,,,,,,,,,,,,,,,,0.36000001430511475,,,,,,,0,0,0.0,0.0,,,,,,,
-86.5,27.6,0,-1,4,2020,105,0,0.0,1390.2285000315594,,,,,,,,,,,,,,,,,,,,,,,,,,,,,,,,,,0.2800000011920929,,,,,,,0,0,0.0,0.0,,,,,,,
-86.5,27.7,0,-1,4,2020,105,0,0.0,1390.2285000315594,,,,,,,,,,,,,,,,,,,,,,,,,,,,,,,,,,0.3400000035762787,,,,,,,0,0,0.0,0.0,,,,,,,
-86.5,27.8,0,-1,4,2020,105,0,0.0,1390.2285000315594,,,,,,,,,,,,,,,,,,,,,,,,,,,,,,,,,,0.3400000035762787,,,,,,,0,0,0.0,0.0,,,,,,,
-86.5,27.9,0,-1,4,2020,105,0,0.0,1390.2285000315594,,,,,,,,,,,,,,,,,,,,,,,,,,,,,,,,,,0.3700000047683716,,,,,,,0,0,0.0,0.0,,,,,,,
-86.5,28.0,0,-1,4,2020,105,0,0.0,64.8212465168636,,,,,,,,,,,,,,,,,,,,,,,,,,,,,,,,,,0.36000001430511475,,,,,,,0,0,0.0,0.0,,,,,,,
-86.5,28.1,0,-1,4,2020,105,0,0.0,61.99729187633925,,,,,,,,,,,,,,,,,,,,,,,,,,,,,,,,,,0.27000001072883606,,,,,,,0,0,0.0,0.0,,,,,,,
-86.5,28.2,0,-1,4,2020,105,0,0.0,59.22256073490913,,,,,,,,,,,,,,,,,,,,,,,,,,,,,,,,,,0.33000001311302185,,,,,,,0,0,0.0,0.0,,,,,,,
-86.5,28.3,0,-1,4,2020,105,0,0.0,56.50625629078606,,,,,,,,,,,,,,,,,,,,,,,,,,,,,,,,,,0.30000001192092896,,,,,,,0,0,0.0,0.0,,,,,,,
-86.5,28.4,0,-1,4,2020,105,0,0.0,53.857219571752864,,,,,,,,,,,,,,,,,,,,,,,,,,,,,,,,,,0.36000001430511475,,,,,,,0,0,0.0,0.0,,,,,,,
-86.5,28.5,0,-1,4,2020,105,0,0.0,51.28587524845413,,,,,,,,,,,,,,,,,,,,,,,,,,,,,,,,,,0.46000000834465027,,,,,,,0,0,0.0,0.0,,,,,,,
-86.5,28.6,0,-1,4,2020,105,0,0.0,48.80450491501784,,,,,,,,,,,,,,,,,,,,,,,,,,,,,,,,,,0.28999999165534973,,,,,,,0,0,0.0,0.0,,,,,,,
-86.5,28.7,0,-1,4,2020,105,0,0.0,46.41662202271941,,,,,,,,,,,,,,,,,,,,,,,,,,,,,,,,,,0.3499999940395355,,,,,,,0,0,0.0,0.0,,,,,,,
-86.5,28.8,0,-1,4,2020,105,0,0.0,44.14264264857735,,,,,,,,,,,,,,,,,,,,,,,,,,,,,,,,,,0.33000001311302185,,,,,,,0,0,0.0,0.0,,,,,,,
-86.5,28.9,0,-1,4,2020,105,0,0.0,42.00696370841387,,,,,,,,,,,,,,,,,,,,,,,,,,,,,,,,,,0.3199999928474426,,,,,,,0,0,0.0,0.0,,,,,,,
-86.5,29.0,0,-1,4,2020,105,0,0.0,40.01095849889128,,,,,,,,,,,,,,,,,,,,,,,,,,,,,,,,,,0.25999999046325684,,,,,,,0,0,0.0,0.0,,,,,,,
-86.5,29.1,0,-1,4,2020,105,0,0.0,38.22010596531621,,,,,,,,,,,,,,,,,,,,,,,,,,,,,,,,,,0.23999999463558197,,,,,,,0,0,0.0,0.0,,,,,,,
-86.5,29.2,0,-1,4,2020,105,0,0.0,36.611961160254715,,,,,,,,,,,,,,,,,,,,,,,,,,,,,,,,,,0.3199999928474426,,,,,,,0,0,0.0,0.0,,,,,,,
-86.5,29.3,0,-1,4,2020,105,0,0.0,35.208013292431026,,,,,,,,,,,,,,,,,,,,,,,,,,,,,,,,,,0.33000001311302185,,,,,,,0,0,0.0,0.0,,,,,,,
-86.5,29.4,0,-1,4,2020,105,0,0.0,32.34958577787357,,,,,,,,,,,,,,,,,,,,,,,,,,,,,,,,,,0.27000001072883606,,,,,,,0,0,0.0,0.0,,,,,,,
-86.5,29.5,0,-1,4,2020,105,0,0.0,29.187964985589524,,,,,,,,,,,,,,,,,,,,,,,,,,,,,,,,,,0.30000001192092896,,,,,,,0,0,0.0,0.0,,,,,,,
-86.5,29.6,0,-1,4,2020,105,0,0.0,26.035091703314585,,,,,,,,,,,,,,,,,,,,,,,,,,,,,,,,,,0.3700000047683716,,,,,,,0,0,0.0,0.0,,,,,,,
-86.5,29.7,0,-1,4,2020,105,0,0.0,22.74071238989667,,,,,,,,,,,,,,,,,,,,,,,,,,,,,,,,,,0.3400000035762787,,,,,,,0,0,0.0,0.0,-1.0,,,,,,
-86.5,29.8,0,-1,4,2020,105,0,0.0,19.394437346827054,,,,,,,,,,,,,,,,,,,,,,,,,,,,,,,,,,0.2800000011920929,,,,,,,0,0,0.0,0.0,-1.0,,,,,,
-86.5,29.9,0,-1,4,2020,105,0,0.0,16.078012936927248,,,,,,,,,,,,,,,,,,,,,,,,,,,,,,,,,,0.27000001072883606,,,,,,,0,0,0.0,0.0,,,,,,,
-86.5,30.0,0,-1,4,2020,105,0,0.0,12.761606481944193,,,,,,,,,,,,,,,,,,,,,,,,,,,,,,,,,,0.2800000011920929,,,,,,,0,0,0.0,0.0,-1.0,,,,,,
-86.5,30.1,0,-1,4,2020,105,0,0.0,9.41541289588513,,,,,,,,,,,,,,,,,,,,,,,,,,,,,,,,,,0.25999999046325684,,,,,,,0,0,0.0,0.0,-0.7857142857142857,,,,,,
-86.5,30.2,0,-1,4,2020,105,0,0.0,6.099155679272337,,,,,,,,,,,,,,,,,,,,,,,,,,,,,,,,,,0.4399999976158142,,,,,,,0,0,0.0,0.0,-0.047619047619047616,,,,,,
-86.5,30.3,0,-1,4,2020,105,0,0.0,2.753633962602873,,,,,,,,,,,,,,,,,,,,,,,,,,,,,,,,,,0.4099999964237213,,,,,0.0,,0,0,0.0,0.0,-1.0,,,,,,
-86.5,30.4,0,-1,4,2020,105,13,7.400638103485107,0.0,0,0,0,0,0,0,1,0.5461,0.3654,14.999999910593033,16.399999916553497,32.00000011920929,155.9000001847744,279.0000008940697,656.4000020623207,1299.000002115965,0.7642857432365417,0.8933333158493042,0.6578888893127441,31.714284896850586,32.83333206176758,24.433332443237305,14.196666717529297,16.22888946533203,299.0428466796875,299.13665771484375,294.3577880859375,48.15999984741211,49.15999984741211,-2.9700000286102295,-2.359999895095825,-2.069999933242798,-2.2200000286102295,18.139999389648438,0.9882620794333417,0.01240197318492285,0.009160763976726542,0.0,0.014925025800837764,0.0,0,0,5.8204606304118744,5.572566460694471,0.0907033754478597,0.16981786489486694,0.12625397741794586,299.94,292.85333333333335,,
-86.5,30.5,0,-1,4,2020,105,17,0.02237097918987274,0.0,0,0,0,0,0,0,1,0.6806,0.4344,15.900000303983688,17.200000256299973,35.800000339746475,145.89999940991402,278.300000667572,693.2999979555607,1531.1999954879284,0.8628571629524231,0.925000011920929,0.6682222485542297,29.14285659790039,30.633333206176758,22.544445037841797,14.970000267028809,16.99222183227539,299.9571533203125,299.8233337402344,294.8733215332031,44.72999954223633,46.36666488647461,-1.850000023841858,-1.2899999618530273,-1.3200000524520874,-1.590000033378601,4.179999828338623,0.24500328897434606,0.16552149373132435,0.05684969407598296,0.0,0.07896286463292114,0.0,15,0,10.791472607838978,23.715425893036564,0.22934973637961337,0.14082616567611694,0.07080353796482086,298.56,289.96,27.8,44.900000000000006
-86.5,30.6,0,-1,4,2020,105,51,0.0,0.0670820393249937,0,1,0,0,0,0,0,0.6288,0.403,28.800000190734863,30.100000143051147,53.80000054836273,168.09999990463257,287.0000021457672,739.1999968290329,1604.4999949038029,0.9371428489685059,0.9769999980926514,0.6935555338859558,26.714284896850586,28.933332443237305,20.877777099609375,15.416666984558105,17.24222183227539,300.1142883300781,300.35333251953125,294.9744567871094,41.983333587646484,45.13666534423828,-0.6899999976158142,-0.029999999329447746,0.6200000047683716,0.5899999737739563,0.4699999988079071,0.021005213342106595,0.6705684085383009,0.08618928823248562,0.0,0.06446642215758186,0.0,8,0,14.427989244715292,32.00834185604264,0.08018771679249133,0.14839452505111694,0.07654084265232086,298.95,290.96,22.8,44.2
-86.5,30.7,0,-1,4,2020,105,27,0.0,0.06,0,0,0,0,0,0,0,0.6514,0.4708,36.39999961853027,38.09999966621399,56.49999928474426,168.29999923706055,304.69999718666077,789.9999991953373,1535.799994468689,1.031428575515747,1.0959999561309814,0.7799999713897705,27.428571701049805,30.399999618530273,22.133333206176758,14.976666450500488,16.88777732849121,300.6714172363281,301.1066589355469,295.6744384765625,38.9566650390625,42.61333465576172,-0.7200000286102295,1.1299999952316284,-0.800000011920929,-2.2200000286102295,0.8999999761581421,0.053078985983909324,0.37002643294379556,0.29416767845398906,0.0032250720898467163,0.2373253985758716,0.002418804067385037,0,0,14.40955850369726,37.93888684133507,0.27867203219315895,0.19478124380111694,0.16519440710544586,294.56666666666666,288.02,29.900000000000002,47.5
-86.5,30.8,0,-1,4,2020,105,45,1.0452803373336792,0.03,1,0,0,0,0,0,0,0.7439,0.4617,73.59999942779541,75.69999939203262,93.29999977350235,192.99999937415123,365.69999596476555,822.1999940574169,1497.8999879658222,1.1214286088943481,1.1823333501815796,0.8191111087799072,27.285715103149414,32.96666717529297,23.177778244018555,14.170000076293945,16.383333206176758,300.8428649902344,301.25,295.5355529785156,37.4466667175293,42.04222106933594,-0.7099999785423279,0.9700000286102295,-1.159999966621399,-2.369999885559082,1.309999942779541,0.13367062990134074,0.5463217671200825,0.15964093516217354,0.04767189644160295,0.1349574544610216,0.039583768093946224,23,90,18.42608403549535,56.09870276825789,0.22935059839121053,0.20131200551986694,0.17007721960544586,298.8066666666667,290.46,29.200000000000003,48.800000000000004
-86.5,30.9,0,-1,4,2020,105,80,0.06753227859735489,0.08485281374238571,1,0,0,0,0,0,0,0.75,0.5154,52.09999942779541,59.799999594688416,81.70000040531158,197.30000245571136,368.200007379055,891.3000055849552,1543.0000023245811,1.1100000143051147,1.1863332986831665,0.8021110892295837,27.14285659790039,33.13333511352539,22.72222137451172,13.953332901000977,16.391111373901367,300.6428527832031,301.0299987792969,295.15667724609375,37.06666564941406,42.307777404785156,0.8500000238418579,1.6100000143051147,-1.190000057220459,-2.680000066757202,0.3799999952316284,0.08303395233517176,0.6507479297948294,0.056530276058974385,0.03001204655471697,0.05103092783505153,0.049469919974199514,17,0,17.978022851193252,52.94320176328206,0.1302483473289262,0.20314306020736694,0.16324128210544586,297.89,290.63,24.3,48.6
-86.5,31.0,0,-1,4,2020,105,76,0.014164809137582779,0.09486832980505139,0,0,0,1,0,0,0,0.7418,0.4667,44.39999842643738,57.7999986410141,73.09999883174896,195.69999650120735,335.0999945104122,912.0999916493893,1461.0999912917614,1.075714349746704,1.190999984741211,0.8003333210945129,29.571428298950195,34.599998474121094,23.011110305786133,13.603333473205566,16.316667556762695,300.44287109375,301.0066833496094,295.14666748046875,37.09000015258789,42.47666549682617,0.6700000166893005,1.4700000286102295,-1.5499999523162842,-3.2699999809265137,0.5299999713897705,0.02716236722306525,0.5224480375356486,0.03297332161398231,0.14813807756271233,0.10302780142575825,0.19850388572368058,4,0,15.113107265458655,40.70959053616342,0.16779012570595736,0.22279638051986694,0.21255768835544586,299.684,289.1,17.400000000000002,45.800000000000004
-86.5,31.1,0,-1,4,2020,105,76,0.0034398515708744526,0.03,1,0,0,0,0,0,0,0.8158000000000001,0.5806,32.39999973773956,65.79999822378159,88.69999748468399,217.29999604821205,342.6999962627888,859.4999990463257,1416.7999929189682,1.118571400642395,1.2403333187103271,0.8328889012336731,28.14285659790039,35.06666564941406,23.44444465637207,13.203332901000977,15.961111068725586,300.6571350097656,301.1233215332031,295.16778564453125,36.78666687011719,42.64555740356445,-1.7100000381469727,-1.2200000286102295,-2.180000066757202,-3.259999990463257,0.23000000417232513,0.0750860149767254,0.72253679202036,0.126871216073094,0.03466590790534452,0.18718613553684235,0.054561262072999155,20,64,21.414466711368757,71.1146156628002,0.16565617054566792,0.45021337270736694,0.8036831617355347,300.075,289.55,34.300000000000004,52.400000000000006
-86.5,31.2,0,-1,4,2020,105,81,0.02669491060078144,0.17492855684535902,1,0,0,0,0,0,0,0.8379000000000001,0.5049,32.50000023841858,50.80000102519989,69.90000027418137,189.60000264644623,320.60000160336494,834.1000029146671,1432.0999992787838,1.131428599357605,1.243333339691162,0.8389999866485596,29.285715103149414,35.63333511352539,23.677778244018555,13.056666374206543,15.876667022705078,300.6142883300781,301.07000732421875,295.1611022949219,36.76333236694336,42.217777252197266,-1.590000033378601,-1.0499999523162842,-2.25,-2.9600000381469727,0.36000001430511475,0.0,0.48030009864177853,0.11443394794749219,0.1867554442673951,0.13829342759100696,0.11600842249032552,22,100,16.750607003764237,54.72821996247329,0.15612648221343872,0.46449559926986694,0.8193081617355347,300.832,289.1666666666667,33.7,52.2
-86.5,31.3,0,-1,4,2020,105,103,1.5511260032653809,0.0,0,0,0,0,0,0,1,0.7334,0.4446,17.800000190734863,28.300000369548798,46.50000083446503,163.6999998986721,308.1999980509281,851.6999963819981,1511.6000005304813,1.164285659790039,1.2726666927337646,0.8681111335754395,34.85714340209961,37.86666488647461,25.03333282470703,12.59000015258789,15.501111030578613,300.78570556640625,301.2099914550781,295.314453125,36.27333450317383,41.26555633544922,0.6700000166893005,1.5099999904632568,-1.6699999570846558,-2.049999952316284,20.399999618530273,0.5913461538461542,0.39972431497646227,0.013107684720031109,0.016749762095206174,0.0635971911501909,0.09845306557320035,14,0,19.912286559191102,46.08786245788665,0.08202064095600217,0.21834081411361694,0.22024811804294586,299.78000000000003,290.05333333333334,18.3,45.900000000000006
-86.5,31.4,0,-1,4,2020,105,82,0.014224393293261528,0.21633307652783934,0,0,1,0,0,0,0,0.7823,0.49970000000000003,20.700000047683716,34.500000059604645,57.09999996423721,179.00000223517418,347.10000410676,838.6000030338764,1515.1000020503998,1.1514285802841187,1.285333275794983,0.8864444494247437,36.14285659790039,37.900001525878906,25.433332443237305,12.386666297912598,15.262222290039062,300.77142333984375,301.25665283203125,295.3999938964844,36.40666580200195,41.07666778564453,-1.2300000190734863,-0.6200000047683716,-2.0,-2.240000009536743,0.5099999904632568,0.0,0.4784917852434712,0.08611189266599435,0.08792966638319935,0.06122921744654611,0.19434688180677226,16,89,16.629835949680665,50.77721044971658,0.24666666666666667,0.21834081411361694,0.22024811804294586,300.90500000000003,286.36,30.6,51.7
-86.5,31.5,0,-1,4,2020,105,71,0.02298908494412899,0.16155494421403513,1,0,0,0,0,0,0,0.8216,0.5673,36.69999980926514,52.999999821186066,81.69999986886978,201.7000004351139,350.3999997675419,797.100004941225,1523.3999989628792,1.1214286088943481,1.2549999952316284,0.8736666440963745,33.42856979370117,37.099998474121094,26.08888816833496,12.573333740234375,15.081110954284668,300.4857177734375,300.9100036621094,295.1266784667969,37.33333206176758,41.72666549682617,-1.3200000524520874,-0.7900000214576721,-1.5700000524520874,-2.0199999809265137,0.3400000035762787,0.0,0.5374464937183469,0.3773860482173006,0.0,0.16153773398337073,0.03836329263589176,22,100,23.10800631659936,82.14142871730382,0.347444089456869,0.29469579458236694,0.30429354310035706,296.6466666666667,289.11333333333334,34.1,53.6
-86.5,31.6,0,-1,4,2020,105,106,0.0,0.03,1,0,0,0,0,0,0,0.8125,0.6057,38.800000071525574,53.89999967813492,81.29999896883965,197.09999811649323,342.49999874830246,772.2000010609627,1484.000003427267,1.0242856740951538,1.184999942779541,0.8299999833106995,32.42856979370117,36.36666488647461,25.38888931274414,12.806666374206543,15.313333511352539,299.71429443359375,300.3800048828125,294.7733459472656,38.77000045776367,42.66222381591797,-1.2000000476837158,-0.6299999952316284,-1.350000023841858,-1.9800000190734863,0.6000000238418579,0.16548582995951416,0.8510650404961979,0.021231261420180468,0.0,0.06437178673396877,0.023377781149826467,21,0,20.865020403329133,71.43194691263238,0.3019681349578257,0.29115575551986694,0.32089510560035706,296.8466666666667,288.38,24.3,50.5
-86.5,31.7,0,-1,4,2020,105,106,0.029420308768749237,0.10816653826391967,1,0,0,0,0,0,0,0.7702,0.4299,46.40000069141388,58.100000500679016,92.30000126361847,222.99999803304672,370.19999873638153,797.6999960839748,1476.699994534254,1.028571367263794,1.190333366394043,0.8361111283302307,33.28571319580078,36.400001525878906,25.0,12.806666374206543,15.289999961853027,299.79998779296875,300.41998291015625,294.8177795410156,38.676666259765625,42.38111114501953,-1.1200000047683716,-0.6399999856948853,-1.3899999856948853,-1.940000057220459,0.4300000071525574,0.06310728744939272,0.6951781215127278,0.05929269842474127,0.0,0.11192791863282107,8.061227392999054E-4,10,97,19.06206881741214,81.44515532197308,0.3033448673587082,0.29616063833236694,0.32455721497535706,296.42400000000004,288.22,35.2,50.1
-86.5,31.8,0,-1,4,2020,105,91,0.03347915783524513,0.18973665961010278,0,0,0,0,1,0,0,0.8378,0.6525000000000001,40.50000077486038,51.00000077486038,85.3000015616417,256.29999965429306,417.7000015079975,864.7000069022179,1511.7000041604042,1.0342856645584106,1.190333366394043,0.8355555534362793,35.28571319580078,35.66666793823242,24.41111183166504,12.873332977294922,15.4399995803833,299.9142761230469,300.50665283203125,294.8655700683594,38.83333206176758,42.52111053466797,1.149999976158142,1.590000033378601,-1.059999942779541,-1.850000023841858,0.5199999809265137,0.0,0.3654437054271407,0.36369872540589754,0.021910247331950836,0.2418871432386287,0.07194249152799553,25,100,21.41445934066525,70.99789455638366,0.34054245701116825,0.31447118520736694,0.31881991028785706,297.8866666666667,285.795,34.5,49.5
-86.5,31.9,0,-1,4,2020,105,116,0.0015053892275318503,0.45398237851264667,0,0,0,0,1,0,0,0.8961,0.7218,38.69999998807907,44.19999980926514,85.89999896287918,342.60000163316727,494.30000081658363,956.1000045835972,1502.4000011086464,0.9357143044471741,1.1293333768844604,0.8026666641235352,34.28571319580078,33.20000076293945,21.988889694213867,13.15999984741211,15.886666297912598,299.1428527832031,300.0633239746094,294.6222229003906,40.43333435058594,43.405555725097656,1.7599999904632568,2.1600000858306885,-1.5399999618530273,-2.5199999809265137,0.38999998569488525,0.0,0.6041486220783573,0.25404146093201757,0.006448635354959445,0.1569726600134428,0.010836236272941654,25,100,21.384659794257367,85.11777580375873,0.3623940494724096,0.31776708364486694,0.31894198060035706,295.672,287.36,34.1,49.300000000000004
-86.5,32.0,0,-1,4,2020,105,105,0.0018008071929216385,0.2830194339616981,1,0,0,0,0,0,0,0.8735,0.6672,63.0,64.39999997615814,95.89999961853027,326.29999977350235,477.19999834895134,914.3000037968159,1509.1000013053417,0.8828571438789368,1.1093333959579468,0.7992222309112549,35.57143020629883,34.233333587646484,22.733333587646484,12.899999618530273,15.612221717834473,298.5857238769531,299.7900085449219,294.4677734375,40.9466667175293,43.5966682434082,1.350000023841858,1.8799999952316284,-0.8100000023841858,-1.6699999570846558,0.3100000023841858,0.0,0.8504332268047431,0.015113151065127858,0.0,0.02431460605968656,0.08840924680809367,25,100,22.791478630921116,74.54054516392868,0.35404651162790696,0.31556981801986694,0.31881991028785706,295.008,285.41200000000003,,
-86.5,32.1,0,-1,4,2020,105,76,9.511025855317712E-4,0.2716615541441225,0,0,0,1,0,0,0,0.6568,0.5449,64.49999928474426,67.69999933242798,101.69999933242798,330.5999963283539,470.7999983429909,880.699997395277,1585.0999954342842,0.8828571438789368,1.0989999771118164,0.7883333563804626,33.42856979370117,32.46666717529297,22.14444351196289,13.396666526794434,15.927777290344238,298.4285583496094,299.70001220703125,294.25445556640625,39.80666732788086,42.27000045776367,1.7799999713897705,2.3299999237060547,1.0299999713897705,0.8799999952316284,0.3499999940395355,0.0,0.03191637322274131,0.23511654517982786,0.019345172241574414,0.18200796510525322,0.6677877594370932,4,0,13.573354749064865,27.39582165264986,0.2769089236430543,0.30641454458236694,0.31650057435035706,295.48,287.41333333333336,28.6,47.5
-86.5,32.2,0,-1,4,2020,105,83,0.07731702923774719,0.06,1,0,0,0,0,0,0,0.7858,0.6323000000000001,43.400001525878906,45.900001525878906,71.80000174045563,329.49999836087227,471.59999760985374,871.5000040233135,1494.7000040113926,0.8914285898208618,1.1056666374206543,0.7922222018241882,32.57143020629883,32.56666564941406,21.766666412353516,13.473333358764648,15.998888969421387,298.5142822265625,299.7633361816406,294.2355651855469,39.47333526611328,42.0977783203125,1.2699999809265137,1.7999999523162842,-0.9800000190734863,-1.7100000381469727,0.8600000143051147,0.06450144179693428,0.22832470430566326,0.0263991352007434,0.0,0.10143162666550691,0.6376219284770551,24,100,13.908076686907272,26.486636920557626,0.2506059137178866,0.38502782583236694,0.41073885560035706,298.0166666666667,286.45,27.400000000000002,47.300000000000004
-86.5,32.3,0,-1,4,2020,105,58,4.454439040273428E-4,0.10816653826391967,0,0,0,0,1,0,0,0.8655,0.6597000000000001,36.59999918937683,38.899999141693115,61.69999957084656,317.79999536275864,463.499997228384,886.799993366003,1525.7999947965145,0.904285728931427,1.1086666584014893,0.7954444289207458,32.57143020629883,32.56666564941406,21.5,13.493332862854004,16.025554656982422,298.6714172363281,299.836669921875,294.3077697753906,39.65999984741211,42.24777603149414,2.390000104904175,3.0799999237060547,1.2100000381469727,1.1299999952316284,0.9100000262260437,0.042686627554116924,0.44294271039114963,0.3167032793362306,0.0,0.23427346476833344,0.18399367838798888,24,100,21.671182060910827,72.26111094831009,0.3698940998487141,0.33705419301986694,0.35434237122535706,295.30400000000003,285.35,33.6,48.2
-86.5,32.4,0,-1,4,2020,105,57,0.0,0.24186773244895649,1,0,0,0,0,0,0,0.8046000000000001,0.4606,25.09999966621399,27.49999976158142,47.599999845027924,284.9999978542328,440.8999999463558,925.6000057756901,1606.3000128269196,0.7571428418159485,0.9380000233650208,0.698888897895813,25.714284896850586,26.566667556762695,17.755556106567383,15.456666946411133,17.231111526489258,297.71429443359375,298.97332763671875,293.7311096191406,42.36000061035156,44.161109924316406,3.369999885559082,4.070000171661377,2.259999990463257,2.309999942779541,0.7300000190734863,0.0,0.233956944589311,0.38021954403365527,0.060442564866001025,0.2649548143192416,0.19233334281551154,21,78,16.817048674972753,42.80649127055297,0.2781110896071221,0.32704442739486694,0.34030428528785706,296.505,287.32,34.2,50.800000000000004
-86.5,32.5,0,-1,4,2020,105,115,0.7023357152938843,0.06,0,1,0,0,0,0,0,0.8154,0.4686,25.199999928474426,27.699999928474426,53.70000010728836,287.49999982118607,464.30000019073486,958.9999985992908,1575.799997240305,0.7771428823471069,0.9616666436195374,0.7047777771949768,27.714284896850586,28.46666717529297,18.733333587646484,14.526666641235352,16.68666648864746,297.4142761230469,298.75665283203125,293.43890380859375,42.06999969482422,43.87333297729492,3.0899999141693115,3.640000104904175,1.6299999952316284,1.4600000381469727,0.8500000238418579,0.038696949769841685,0.5252451181814153,0.03173419137866725,0.0,0.10981404702704316,0.2647813691217464,21,97,19.380132820241542,56.07464321124501,0.24067063277447268,0.18648046255111694,0.13589753210544586,296.87,284.755,23.8,48.1
-86.5,32.6,0,-1,4,2020,105,155,0.2651365399360657,0.0670820393249937,0,0,0,1,0,0,0,0.6226,0.33680000000000004,47.30000114440918,53.60000133514404,73.9000013768673,332.30000045895576,546.6999985873699,1082.4000003635883,1570.9999979436398,0.7342857122421265,0.937666654586792,0.6711111068725586,26.714284896850586,27.799999237060547,18.066667556762695,14.670000076293945,16.946666717529297,296.6999816894531,298.27667236328125,292.8500061035156,42.856666564941406,44.563331604003906,3.1600000858306885,3.740000009536743,1.409999966621399,0.8899999856948853,2.2899999618530273,0.11518615944961555,0.5317475117498514,0.044012554245275615,0.0,0.03335951014802458,0.14266388947712788,10,0,19.260840264838077,62.57574156479997,0.22052651659671882,0.19569677114486694,0.14065827429294586,295.68,284.77,20.1,47.5
-86.5,32.7,0,-1,4,2020,105,202,0.2069474458694458,0.0670820393249937,0,0,0,1,0,0,0,0.7839,0.4141,69.19999772310257,75.8999975323677,107.59999781847,396.19999700784683,594.0999975204468,1117.7000012993813,1569.6999988555908,0.7471428513526917,0.9313333630561829,0.6663333177566528,24.0,25.03333282470703,17.122222900390625,15.289999961853027,17.302221298217773,296.68572998046875,298.2033386230469,292.7822265625,42.8466682434082,44.545555114746094,2.8399999141693115,3.130000114440918,-1.6699999570846558,-2.509999990463257,0.7799999713897705,0.0724513028079939,0.6535675457004879,0.0034038330257136363,0.0,0.04999142908720032,0.1517692346590479,18,0,19.985611761240403,57.83991650908244,0.1733387522861207,0.30641454458236694,0.31283846497535706,292.96,285.105,27.200000000000003,49.2
-86.5,32.8,0,-1,4,2020,105,174,1.5002084970474243,0.0670820393249937,0,0,1,0,0,0,0,0.7807000000000001,0.5625,87.89999771118164,94.59999752044678,127.29999732971191,414.9999974966049,622.4999965429306,1130.5999974608421,1589.2999952435493,0.7242857217788696,0.9179999828338623,0.6553333401679993,24.14285659790039,25.133333206176758,17.16666603088379,15.210000038146973,17.288888931274414,296.3714294433594,298.0299987792969,292.683349609375,43.60333251953125,45.141109466552734,3.0999999046325684,3.259999990463257,-1.399999976158142,-2.140000104904175,1.600000023841858,0.11626612699215787,0.824583138439756,0.004759617207944075,0.0,0.012211376654477198,0.0484558107783523,18,43,21.192153539488135,74.62202148372826,0.2949139431444595,0.25990575551986694,0.27267733216285706,294.16,284.58,19.5,47.900000000000006
-86.5,32.9,0,-1,4,2020,105,192,0.001730017364025116,0.21,1,0,0,0,0,0,0,0.8422000000000001,0.6011000000000001,46.600000739097595,51.00000083446503,115.30000048875809,400.6000062227249,687.7000027894974,1205.2000027894974,1640.000003874302,0.7485713958740234,0.9226666688919067,0.6551111340522766,23.0,22.600000381469727,15.800000190734863,15.5,17.467777252197266,296.3571472167969,297.8933410644531,292.4744567871094,43.84000015258789,45.52888870239258,3.9800000190734863,4.119999885559082,-1.4600000381469727,-2.240000009536743,0.36000001430511475,0.0,0.7410647409256832,0.0,0.0,0.001034023676866842,0.0,18,100,17.388234714624634,72.6208677795302,0.3754598571737719,0.26063817739486694,0.27389803528785706,293.38,284.665,34.9,51.7
-86.5,33.0,0,-1,4,2020,105,185,0.002512989565730095,0.03,0,0,1,0,0,0,0,0.5277000000000001,0.31930000000000003,43.20000088214874,47.500001072883606,133.80000221729279,418.6000006198883,724.9000019133091,1242.9000054895878,1709.3000045120716,0.7485713958740234,0.937333345413208,0.663777768611908,24.285715103149414,22.600000381469727,16.011110305786133,15.376667022705078,17.331111907958984,296.1428527832031,297.86334228515625,292.4422302246094,42.97999954223633,44.70000076293945,5.110000133514404,5.139999866485596,1.899999976158142,2.0899999141693115,0.3700000047683716,0.026196014969151395,0.5061124771651253,8.059367513479686E-4,0.0,0.0014182855178132624,0.0,7,89,15.47309555701612,65.35839047160884,0.07897664071190211,0.26063817739486694,0.27389803528785706,293.31,286.045,16.0,45.400000000000006
-86.5,33.1,0,-1,4,2020,105,124,0.6716475486755371,0.03,0,0,0,0,0,0,0,0.35350000000000004,0.10990000000000001,43.70000076293945,48.40000057220459,123.90000063180923,414.39999744296074,684.9999991059303,1235.199994444847,1835.7999998629093,0.7471428513526917,0.9466666579246521,0.6722221970558167,25.285715103149414,23.03333282470703,16.16666603088379,15.123332977294922,17.237777709960938,295.8999938964844,297.8066711425781,292.40777587890625,42.813331604003906,44.35222244262695,4.570000171661377,4.659999847412109,1.8899999856948853,1.7999999523162842,0.6000000238418579,0.10321274981027065,0.5429869830264223,0.02049406983468853,0.009332149301747915,0.012119551258067063,0.02726643554875754,0,16,17.155905105581542,58.73718478464626,0.4811387900355872,0.29762548208236694,0.31357088685035706,293.26,292.18,,
-86.5,33.2,0,-1,4,2020,105,125,0.025834985077381134,0.10816653826391967,0,0,0,0,0,0,0,0.7289,0.4475,39.9999985396862,44.4999985396862,109.99999901652336,408.60000106692314,683.3000011146069,1225.1999942064285,1714.6999958455563,0.7599999904632568,0.9639999866485596,0.6866666674613953,27.14285659790039,23.83333396911621,16.44444465637207,14.976666450500488,17.191110610961914,295.9285583496094,298.00665283203125,292.6066589355469,42.58000183105469,44.02777862548828,3.5299999713897705,3.569999933242798,-1.0499999523162842,-1.9900000095367432,0.7799999713897705,0.012895721654698086,0.23150705712064434,0.02737202055508854,0.021844522119474886,0.032094297380763144,0.330641746044789,0,64,14.699364109768103,27.821855055646388,0.2121877573428493,0.31276220083236694,0.35422030091285706,292.885,285.32,,
-86.5,33.3,0,-1,4,2020,105,145,0.0,0.7505997601918082,1,0,0,0,0,0,0,0.778,0.42600000000000005,36.30000039935112,41.50000050663948,103.7000004351139,390.20000171661377,679.500002682209,1240.4000081121922,1689.80001065135,0.7614285349845886,0.9539999961853027,0.6806666851043701,27.85714340209961,24.46666717529297,16.433332443237305,14.853333473205566,17.093334197998047,295.8857116699219,297.8233337402344,292.4322204589844,42.86666488647461,44.22888946533203,3.7200000286102295,4.010000228881836,-0.9100000262260437,-2.309999942779541,0.5699999928474426,0.0,0.8145286423521901,0.04678972433691383,0.0,0.1066668958686511,0.0016116952189535357,26,99,19.46126676720374,77.04914798395275,0.23482979773063642,0.32069677114486694,0.35983553528785706,293.9733333333333,279.8866666666667,27.400000000000002,49.800000000000004
-86.5,33.4,0,-1,4,2020,105,180,0.0,0.12369316876852982,1,0,0,0,0,0,0,0.7791,0.388,44.799999952316284,54.60000014305115,115.50000011920929,365.7999995946884,630.5000012218952,1208.6000038683414,1675.800005197525,0.7242857217788696,0.9156666398048401,0.6542222499847412,28.0,25.133333206176758,17.100000381469727,14.706666946411133,16.914443969726562,295.3714294433594,297.2466735839844,291.8822326660156,44.0966682434082,45.25777816772461,3.700000047683716,4.039999961853027,1.2899999618530273,-2.1600000858306885,0.5699999928474426,0.03662484823957909,0.7458975209745458,0.09054999920999822,0.0,0.038128731487599925,0.012892828364222394,25,55,23.11300089474019,85.0769101232983,0.20530973451327433,0.42311376333236694,0.45822420716285706,293.43333333333334,281.05333333333334,27.3,47.5
-86.5,33.5,0,-1,4,2020,105,269,0.0,0.21213203435596426,1,0,0,0,0,0,0,0.8487,0.3351,66.10000157356262,77.90000176429749,172.30000177025795,395.5000043809414,646.5000083744526,1188.0000086128712,1694.1000066399574,0.6700000166893005,0.8703333139419556,0.6204444169998169,26.14285659790039,23.200000762939453,16.366666793823242,15.190000534057617,17.108888626098633,294.5714111328125,296.52667236328125,291.15887451171875,45.380001068115234,46.529998779296875,3.4100000858306885,3.640000104904175,-0.7300000190734863,-2.2200000286102295,0.6499999761581421,0.0,0.8548319818994237,0.0031315767852515713,0.0,0.03452935814464233,0.06126008835407363,30,100,24.92075961053549,85.62903471656463,0.3547338480292564,0.32362645864486694,0.33993807435035706,292.73333333333335,286.56,32.4,48.7
-86.5,33.6,0,-1,4,2020,105,224,8.469791412353516,0.0,0,0,0,0,0,0,1,0.7218,0.40490000000000004,69.80000305175781,82.50000286102295,177.70000100135803,413.40000054240227,658.499997228384,1222.7999921143055,1830.09998691082,0.6785714626312256,0.871666669845581,0.6218888759613037,24.571428298950195,21.16666603088379,15.277777671813965,15.523333549499512,17.431110382080078,294.4571533203125,296.5366516113281,291.20001220703125,44.810001373291016,45.91777801513672,3.9800000190734863,3.9700000286102295,1.5399999618530273,0.6499999761581421,5.760000228881836,0.4663833662164213,0.4212545304595397,0.017050643190960255,0.0,0.027175784158935415,0.07444015053607148,12,0,21.211462501911488,52.242304441189304,0.2652482269503546,0.32484716176986694,0.34677401185035706,293.665,293.5,28.400000000000002,49.800000000000004
-86.5,33.7,0,-1,4,2020,105,282,11.313138961791992,0.0,0,0,0,1,0,0,0,0.7169,0.45420000000000005,70.39999842643738,83.29999804496765,176.59999775886536,402.20000022649765,657.2000029087067,1243.3999990522861,1837.4000013172626,0.6299999952316284,0.8149999976158142,0.5775555372238159,23.85714340209961,20.433332443237305,14.288888931274414,15.8100004196167,17.579999923706055,293.8571472167969,295.80999755859375,290.4022216796875,46.349998474121094,47.608890533447266,3.9200000762939453,4.039999961853027,1.6399999856948853,0.6899999976158142,2.0799999237060547,0.3668588187702265,0.650450125921502,0.005469764620007771,0.0,0.00692907780981284,0.09615220544322153,19,1,23.544609085381964,69.80385797289925,0.2679866692805332,0.32448095083236694,0.34738436341285706,293.175,279.04,26.0,50.1
-86.5,33.8,0,-1,4,2020,105,225,0.10507188737392426,0.0670820393249937,0,0,0,1,0,0,0,0.7160000000000001,0.5058,107.19999837875366,119.3999981880188,217.59999799728394,458.5999999344349,717.0000012218952,1292.600004285574,1890.000008791685,0.5985714197158813,0.7883333563804626,0.5604444146156311,22.714284896850586,18.799999237060547,13.399999618530273,16.163333892822266,17.77777862548828,293.3857116699219,295.51666259765625,290.1277770996094,47.356666564941406,48.55666732788086,4.369999885559082,4.289999961853027,1.909999966621399,0.7799999713897705,0.699999988079071,0.054462705436156764,0.7168556297082769,8.057788563628095E-4,0.0,0.002546900016227767,0.164916072602255,4,0,23.354289501228127,74.9972368383144,0.30779544148630533,0.31080907583236694,0.30636873841285706,292.34000000000003,285.40000000000003,30.5,51.400000000000006
-86.5,33.9,0,-1,4,2020,105,236,0.10467176139354706,0.10816653826391967,1,0,0,0,0,0,0,0.8361000000000001,0.4559,110.60000020265579,115.40000039339066,226.2999990582466,492.899997651577,779.4999954104424,1375.2999913692474,1974.09998857975,0.5714285373687744,0.7853333353996277,0.5674444437026978,21.571428298950195,17.133333206176758,13.311111450195312,16.44333267211914,17.741111755371094,292.9857177734375,295.3399963378906,290.0299987792969,47.413333892822266,48.448890686035156,5.03000020980835,4.78000020980835,2.390000104904175,1.350000023841858,0.8999999761581421,0.03666801537527816,0.6382226463144521,0.008692135371082455,0.0,0.019087704966099333,0.10729779173631011,23,98,22.09666708084714,73.63061846986135,0.26218097447795824,0.34779638051986694,0.36032381653785706,292.475,277.64,32.2,49.6
-86.5,34.0,0,-1,4,2020,105,228,0.1484440714120865,0.08485281374238571,1,0,0,0,0,0,0,0.785,0.4894,148.30000591278076,151.00000596046448,269.30000710487366,539.7000077962875,802.4000118076801,1417.3000150322914,2068.4000140726566,0.5514285564422607,0.7743333578109741,0.5567777752876282,19.714284896850586,16.0,12.755555152893066,16.8700008392334,18.01444435119629,292.9285888671875,295.3333435058594,289.9755554199219,47.57666778564453,48.586666107177734,5.489999771118164,5.159999847412109,2.990000009536743,1.6100000143051147,0.44999998807907104,0.012895721654698086,0.45226645096465545,0.0,0.0,0.0039561857233561554,0.44170674216237027,22,0,18.885477983838648,43.43449530065614,0.28493999225706546,0.32020848989486694,0.31296053528785706,291.42,278.90000000000003,27.900000000000002,49.300000000000004
-86.5,34.1,0,-1,4,2020,105,277,0.040898796170949936,0.08485281374238571,0,0,0,1,0,0,0,0.7431,0.4938,134.6000002026558,137.00000029802322,256.80000096559525,527.4000012278557,792.4000026583672,1400.300004452467,2002.400008827448,0.5442857146263123,0.7606666684150696,0.5452222228050232,19.571428298950195,15.199999809265137,12.311111450195312,17.126667022705078,18.16777801513672,292.9857177734375,295.28668212890625,289.9044494628906,47.68333435058594,48.671112060546875,4.800000190734863,4.429999828338623,2.0999999046325684,0.8199999928474426,0.5199999809265137,0.04775153017350397,0.2602578280514392,0.023365667161679676,0.0,0.007863181153438446,0.5911245221018042,6,0,15.53765523047779,31.65845975577614,0.25576730190571717,0.32948583364486694,0.32089510560035706,292.16,285.63,26.200000000000003,48.7
-86.5,34.2,0,-1,4,2020,105,287,0.06691066175699234,0.042426406871192854,1,0,0,0,0,0,0,0.7822,0.5848,106.70000171661377,107.30000174045563,217.40000069141388,439.5999994277954,710.7000047266483,1357.3000020682812,1889.7999994754791,0.5271428823471069,0.7269999980926514,0.5210000276565552,19.571428298950195,15.5,12.155555725097656,17.110000610351562,18.20111083984375,292.8285827636719,295.0400085449219,289.6266784667969,48.413333892822266,49.477779388427734,4.360000133514404,4.159999847412109,2.0899999141693115,0.6200000047683716,1.2100000381469727,0.08380114297274063,0.4862801843842121,0.0,0.0012353363053018368,2.5780439622210416E-4,0.3286500080565413,16,60,18.825197139579902,51.92040892929758,0.29563492063492064,0.29725927114486694,0.31308260560035706,293.0266666666667,277.2,27.700000000000003,51.1
-86.5,34.3,0,-1,4,2020,105,309,3.305300712585449,0.0,0,0,0,0,0,0,1,0.6823,0.4368,134.39999735355377,134.79999735951424,241.3999995291233,425.6000002026558,684.8000007867813,1338.6000080108643,1916.4000062942505,0.514285683631897,0.7183333039283752,0.5165555477142334,18.571428298950195,14.800000190734863,11.644444465637207,17.273332595825195,18.299999237060547,292.5857238769531,294.86334228515625,289.4344482421875,48.72333526611328,49.92777633666992,4.03000020980835,3.940000057220459,2.1700000762939453,0.8600000143051147,3.690000057220459,0.42209631728045327,0.25928862995867524,0.007010704040238098,0.008056464760075327,0.002079048318538711,0.42190600159233693,20,13,18.46528456445112,31.87001791312134,0.22465613856342334,0.29994481801986694,0.31698885560035706,292.8,292.68,18.0,47.400000000000006
-86.5,34.4,0,-1,4,2020,105,307,0.2641781270503998,0.08485281374238571,0,0,0,1,0,0,0,0.8202,0.5891000000000001,153.9999942779541,153.9999942779541,255.39999443292618,426.09999364614487,698.5999933481216,1355.2999900579453,1937.1999908089638,0.508571445941925,0.722000002861023,0.5260000228881836,18.0,14.966666221618652,11.711111068725586,17.299999237060547,18.329999923706055,292.3285827636719,294.8233337402344,289.5511169433594,48.56999969482422,49.51777648925781,4.110000133514404,4.079999923706055,2.2799999713897705,0.8600000143051147,1.6799999475479126,0.041023825180838684,0.30645747305831916,0.007171810676835684,0.024516850595702598,0.006613076634958475,0.5261265587630364,22,0,17.026450007816052,34.79248275933806,0.28887364992285275,0.30165380239486694,0.31955233216285706,291.335,293.02,30.200000000000003,49.7
-86.5,34.5,0,-1,4,2020,105,173,0.022989097982645035,0.18,0,0,0,0,0,1,0,0.5850000000000001,0.3397,157.99999403953552,157.99999403953552,323.0999948978424,494.59999614953995,810.0999960303307,1464.6999967694283,2070.299999922514,0.4757142961025238,0.6553333401679993,0.48366665840148926,15.428571701049805,11.199999809265137,9.622221946716309,18.496665954589844,19.123332977294922,291.9142761230469,294.2733459472656,289.1555480957031,50.32666778564453,50.63111114501953,5.519999980926514,5.110000133514404,3.0999999046325684,2.140000104904175,0.5600000023841858,0.0,0.17380205420809372,0.16883871844206236,0.2671987008760873,0.10611357971774141,0.27140063376521634,3,0,13.13629296568162,34.043016254798786,0.15589922673983536,0.35597509145736694,0.38595858216285706,291.52500000000003,283.5266666666667,12.9,45.900000000000006
-86.5,34.6,0,-1,4,2020,105,200,1.9783282279968262,0.0,0,0,0,0,0,0,1,0.7403000000000001,0.49300000000000005,149.89999771118164,149.89999771118164,332.69999980926514,503.3999987244606,805.7999989390373,1462.4999939203262,2066.299989283085,0.4514285624027252,0.637333333492279,0.4736666679382324,14.428571701049805,11.100000381469727,9.377778053283691,18.69333267211914,19.23444366455078,291.5714416503906,294.12664794921875,289.0355529785156,50.40666580200195,50.9022216796875,5.429999828338623,4.679999828338623,2.7699999809265137,2.109999895095825,1.7300000190734863,0.2743729773462784,0.46115618404923486,0.01739520541886239,0.036711276238136754,0.09857261276561341,0.24919437388634036,11,0,19.658881994324442,52.56114809299716,0.29672245467224545,0.35597509145736694,0.38595858216285706,289.90500000000003,279.78000000000003,20.6,47.900000000000006
-86.5,34.7,0,-1,4,2020,105,201,0.44888532161712646,0.03,1,0,0,0,0,0,0,0.7473000000000001,0.45990000000000003,128.09999811649323,128.09999811649323,328.40000116825104,501.60000199079514,770.0999993383884,1382.7999970018864,1972.799995571375,0.4828571379184723,0.6570000052452087,0.48455554246902466,16.285715103149414,12.466666221618652,9.899999618530273,18.1299991607666,18.91777801513672,291.71429443359375,294.1166687011719,288.9599914550781,50.72666549682617,51.171112060546875,4.659999847412109,3.7699999809265137,1.6699999570846558,1.350000023841858,2.5399999618530273,0.31919304277480026,0.5383419738226347,0.021751286595710406,0.01611206414497067,0.005819589687084594,0.19362278182685538,24,92,20.909268955808532,59.89344969566309,0.20599538816295157,0.31080907583236694,0.33041658997535706,289.7866666666667,279.42,19.900000000000002,47.800000000000004
-86.5,34.8,0,-1,4,2020,105,219,5.183426380157471,0.0,0,0,0,0,0,0,1,0.5306000000000001,0.3279,101.79999852180481,101.79999852180481,268.79999899864197,419.7000001370907,670.4000057280064,1271.2000001072884,1778.3000010252,0.46857142448425293,0.6176666617393494,0.44388890266418457,14.857142448425293,11.066666603088379,8.866666793823242,18.790000915527344,19.559999465942383,291.8428649902344,294.1600036621094,288.72332763671875,51.356666564941406,52.20000076293945,3.309999942779541,2.559999942779541,-1.1200000047683716,-1.659999966621399,3.5,0.4847274198442398,0.04994819111161656,0.02061930576089566,0.14217117151269315,0.027452449113273034,0.17368298014835035,16,0,14.152170148824469,13.406520771436552,0.07510578279266572,0.44032567739486694,0.47165194153785706,290.41,278.86,13.0,45.400000000000006
-86.5,34.9,0,-1,4,2020,105,219,0.11737186461687088,0.15,0,0,0,0,1,0,0,0.5443,0.316,97.09999823570251,97.09999823570251,253.09999537467957,410.09999376535416,688.5999938249588,1374.8999978601933,1916.5999972224236,0.45428571105003357,0.5866666436195374,0.417555570602417,15.142857551574707,10.433333396911621,8.144444465637207,18.963333129882812,19.88111114501953,291.6142883300781,293.84332275390625,288.41888427734375,52.0966682434082,53.06222152709961,4.710000038146973,4.139999866485596,2.049999952316284,1.190000057220459,1.090000033378601,0.01102625056901522,0.22211130206227261,0.1014140214314598,0.26056093307723427,0.06286029955088596,0.29763634755357865,28,97,14.671051734178352,29.277351696612996,0.06494900697799248,0.42323583364486694,0.43869295716285706,294.14,278.53000000000003,15.3,45.7
-86.4,24.6,0,-1,4,2020,105,0,0.0,1390.2285000315594,,,,,,,,,,,,,,,,,,,,,,,,,,,,,,,,,,0.3199999928474426,,,,,,,0,0,0.0,0.0,,,,,,,
-86.4,24.7,0,-1,4,2020,105,0,0.0,1390.2285000315594,,,,,,,,,,,,,,,,,,,,,,,,,,,,,,,,,,0.23999999463558197,,,,,,,0,0,0.0,0.0,,,,,,,
-86.4,24.8,0,-1,4,2020,105,0,0.0,1390.2285000315594,,,,,,,,,,,,,,,,,,,,,,,,,,,,,,,,,,0.30000001192092896,,,,,,,0,0,0.0,0.0,,,,,,,
-86.4,24.9,0,-1,4,2020,105,0,0.0,1390.2285000315594,,,,,,,,,,,,,,,,,,,,,,,,,,,,,,,,,,0.3499999940395355,,,,,,,0,0,0.0,0.0,,,,,,,
-86.4,25.0,0,-1,4,2020,105,0,0.0,1390.2285000315594,,,,,,,,,,,,,,,,,,,,,,,,,,,,,,,,,,0.3100000023841858,,,,,,,0,0,0.0,0.0,,,,,,,
-86.4,25.1,0,-1,4,2020,105,0,0.0,1390.2285000315594,,,,,,,,,,,,,,,,,,,,,,,,,,,,,,,,,,0.20999999344348907,,,,,,,0,0,0.0,0.0,,,,,,,
-86.4,25.2,0,-1,4,2020,105,0,0.0,1390.2285000315594,,,,,,,,,,,,,,,,,,,,,,,,,,,,,,,,,,0.3199999928474426,,,,,,,0,0,0.0,0.0,,,,,,,
-86.4,25.3,0,-1,4,2020,105,0,0.0,1390.2285000315594,,,,,,,,,,,,,,,,,,,,,,,,,,,,,,,,,,0.3100000023841858,,,,,,,0,0,0.0,0.0,,,,,,,
-86.4,25.4,0,-1,4,2020,105,0,0.0,1390.2285000315594,,,,,,,,,,,,,,,,,,,,,,,,,,,,,,,,,,0.3199999928474426,,,,,,,0,0,0.0,0.0,,,,,,,
-86.4,25.5,0,-1,4,2020,105,0,0.0,1390.2285000315594,,,,,,,,,,,,,,,,,,,,,,,,,,,,,,,,,,0.25,,,,,,,0,0,0.0,0.0,,,,,,,
-86.4,25.6,0,-1,4,2020,105,0,0.0,1390.2285000315594,,,,,,,,,,,,,,,,,,,,,,,,,,,,,,,,,,0.4000000059604645,,,,,,,0,0,0.0,0.0,,,,,,,
-86.4,25.7,0,-1,4,2020,105,0,0.0,1390.2285000315594,,,,,,,,,,,,,,,,,,,,,,,,,,,,,,,,,,0.28999999165534973,,,,,,,0,0,0.0,0.0,,,,,,,
-86.4,25.8,0,-1,4,2020,105,0,0.0,1390.2285000315594,,,,,,,,,,,,,,,,,,,,,,,,,,,,,,,,,,0.38999998569488525,,,,,,,0,0,0.0,0.0,,,,,,,
-86.4,25.9,0,-1,4,2020,105,0,0.0,1390.2285000315594,,,,,,,,,,,,,,,,,,,,,,,,,,,,,,,,,,0.33000001311302185,,,,,,,0,0,0.0,0.0,,,,,,,
-86.4,26.0,0,-1,4,2020,105,0,0.0,1390.2285000315594,,,,,,,,,,,,,,,,,,,,,,,,,,,,,,,,,,0.2800000011920929,,,,,,,0,0,0.0,0.0,,,,,,,
-86.4,26.1,0,-1,4,2020,105,0,0.0,1390.2285000315594,,,,,,,,,,,,,,,,,,,,,,,,,,,,,,,,,,0.25999999046325684,,,,,,,0,0,0.0,0.0,,,,,,,
-86.4,26.2,0,-1,4,2020,105,0,0.0,1390.2285000315594,,,,,,,,,,,,,,,,,,,,,,,,,,,,,,,,,,0.3100000023841858,,,,,,,0,0,0.0,0.0,,,,,,,
-86.4,26.3,0,-1,4,2020,105,0,0.0,1390.2285000315594,,,,,,,,,,,,,,,,,,,,,,,,,,,,,,,,,,0.3400000035762787,,,,,,,0,0,0.0,0.0,,,,,,,
-86.4,26.4,0,-1,4,2020,105,0,0.0,1390.2285000315594,,,,,,,,,,,,,,,,,,,,,,,,,,,,,,,,,,0.3199999928474426,,,,,,,0,0,0.0,0.0,,,,,,,
-86.4,26.5,0,-1,4,2020,105,0,0.0,1390.2285000315594,,,,,,,,,,,,,,,,,,,,,,,,,,,,,,,,,,0.3100000023841858,,,,,,,0,0,0.0,0.0,,,,,,,
-86.4,26.6,0,-1,4,2020,105,0,0.0,1390.2285000315594,,,,,,,,,,,,,,,,,,,,,,,,,,,,,,,,,,0.3499999940395355,,,,,,,0,0,0.0,0.0,,,,,,,
-86.4,26.7,0,-1,4,2020,105,0,0.0,1390.2285000315594,,,,,,,,,,,,,,,,,,,,,,,,,,,,,,,,,,0.3700000047683716,,,,,,,0,0,0.0,0.0,,,,,,,
-86.4,26.8,0,-1,4,2020,105,0,0.0,1390.2285000315594,,,,,,,,,,,,,,,,,,,,,,,,,,,,,,,,,,0.3199999928474426,,,,,,,0,0,0.0,0.0,,,,,,,
-86.4,26.9,0,-1,4,2020,105,0,0.0,1390.2285000315594,,,,,,,,,,,,,,,,,,,,,,,,,,,,,,,,,,0.25,,,,,,,0,0,0.0,0.0,,,,,,,
-86.4,27.0,0,-1,4,2020,105,0,0.0,1390.2285000315594,,,,,,,,,,,,,,,,,,,,,,,,,,,,,,,,,,0.3700000047683716,,,,,,,0,0,0.0,0.0,,,,,,,
-86.4,27.1,0,-1,4,2020,105,0,0.0,1390.2285000315594,,,,,,,,,,,,,,,,,,,,,,,,,,,,,,,,,,0.2800000011920929,,,,,,,0,0,0.0,0.0,,,,,,,
-86.4,27.2,0,-1,4,2020,105,0,0.0,1390.2285000315594,,,,,,,,,,,,,,,,,,,,,,,,,,,,,,,,,,0.38999998569488525,,,,,,,0,0,0.0,0.0,,,,,,,
-86.4,27.3,0,-1,4,2020,105,0,0.0,1390.2285000315594,,,,,,,,,,,,,,,,,,,,,,,,,,,,,,,,,,0.3400000035762787,,,,,,,0,0,0.0,0.0,,,,,,,
-86.4,27.4,0,-1,4,2020,105,0,0.0,1390.2285000315594,,,,,,,,,,,,,,,,,,,,,,,,,,,,,,,,,,0.27000001072883606,,,,,,,0,0,0.0,0.0,,,,,,,
-86.4,27.5,0,-1,4,2020,105,0,0.0,1390.2285000315594,,,,,,,,,,,,,,,,,,,,,,,,,,,,,,,,,,0.3499999940395355,,,,,,,0,0,0.0,0.0,,,,,,,
-86.4,27.6,0,-1,4,2020,105,0,0.0,1390.2285000315594,,,,,,,,,,,,,,,,,,,,,,,,,,,,,,,,,,0.23000000417232513,,,,,,,0,0,0.0,0.0,,,,,,,
-86.4,27.7,0,-1,4,2020,105,0,0.0,1390.2285000315594,,,,,,,,,,,,,,,,,,,,,,,,,,,,,,,,,,0.27000001072883606,,,,,,,0,0,0.0,0.0,,,,,,,
-86.4,27.8,0,-1,4,2020,105,0,0.0,1390.2285000315594,,,,,,,,,,,,,,,,,,,,,,,,,,,,,,,,,,0.3199999928474426,,,,,,,0,0,0.0,0.0,,,,,,,
-86.4,27.9,0,-1,4,2020,105,0,0.0,70.97269615845237,,,,,,,,,,,,,,,,,,,,,,,,,,,,,,,,,,0.3700000047683716,,,,,,,0,0,0.0,0.0,,,,,,,
-86.4,28.0,0,-1,4,2020,105,0,0.0,63.35127780873879,,,,,,,,,,,,,,,,,,,,,,,,,,,,,,,,,,0.3499999940395355,,,,,,,0,0,0.0,0.0,,,,,,,
-86.4,28.1,0,-1,4,2020,105,0,0.0,60.45917052027756,,,,,,,,,,,,,,,,,,,,,,,,,,,,,,,,,,0.3199999928474426,,,,,,,0,0,0.0,0.0,,,,,,,
-86.4,28.2,0,-1,4,2020,105,0,0.0,57.612811075315534,,,,,,,,,,,,,,,,,,,,,,,,,,,,,,,,,,0.4099999964237213,,,,,,,0,0,0.0,0.0,,,,,,,
-86.4,28.3,0,-1,4,2020,105,0,0.0,54.81788941577375,,,,,,,,,,,,,,,,,,,,,,,,,,,,,,,,,,0.4000000059604645,,,,,,,0,0,0.0,0.0,,,,,,,
-86.4,28.4,0,-1,4,2020,105,0,0.0,52.083430186576614,,,,,,,,,,,,,,,,,,,,,,,,,,,,,,,,,,0.4300000071525574,,,,,,,0,0,0.0,0.0,,,,,,,
-86.4,28.5,0,-1,4,2020,105,0,0.0,49.420281261846334,,,,,,,,,,,,,,,,,,,,,,,,,,,,,,,,,,0.33000001311302185,,,,,,,0,0,0.0,0.0,,,,,,,
-86.4,28.6,0,-1,4,2020,105,0,0.0,46.85759917025199,,,,,,,,,,,,,,,,,,,,,,,,,,,,,,,,,,0.20000000298023224,,,,,,,0,0,0.0,0.0,,,,,,,
-86.4,28.7,0,-1,4,2020,105,0,0.0,44.37713938504824,,,,,,,,,,,,,,,,,,,,,,,,,,,,,,,,,,0.30000001192092896,,,,,,,0,0,0.0,0.0,,,,,,,
-86.4,28.8,0,-1,4,2020,105,0,0.0,41.99871426603438,,,,,,,,,,,,,,,,,,,,,,,,,,,,,,,,,,0.23999999463558197,,,,,,,0,0,0.0,0.0,,,,,,,
-86.4,28.9,0,-1,4,2020,105,0,0.0,39.749456600059325,,,,,,,,,,,,,,,,,,,,,,,,,,,,,,,,,,0.3199999928474426,,,,,,,0,0,0.0,0.0,,,,,,,
-86.4,29.0,0,-1,4,2020,105,0,0.0,37.656704582318405,,,,,,,,,,,,,,,,,,,,,,,,,,,,,,,,,,0.4000000059604645,,,,,,,0,0,0.0,0.0,,,,,,,
-86.4,29.1,0,-1,4,2020,105,0,0.0,35.729433244875295,,,,,,,,,,,,,,,,,,,,,,,,,,,,,,,,,,0.30000001192092896,,,,,,,0,0,0.0,0.0,,,,,,,
-86.4,29.2,0,-1,4,2020,105,0,0.0,34.05046255192431,,,,,,,,,,,,,,,,,,,,,,,,,,,,,,,,,,0.30000001192092896,,,,,,,0,0,0.0,0.0,,,,,,,
-86.4,29.3,0,-1,4,2020,105,0,0.0,32.54935022392921,,,,,,,,,,,,,,,,,,,,,,,,,,,,,,,,,,0.28999999165534973,,,,,,,0,0,0.0,0.0,,,,,,,
-86.4,29.4,0,-1,4,2020,105,0,0.0,30.91713602518836,,,,,,,,,,,,,,,,,,,,,,,,,,,,,,,,,,0.25999999046325684,,,,,,,0,0,0.0,0.0,,,,,,,
-86.4,29.5,0,-1,4,2020,105,0,0.0,28.168146903905484,,,,,,,,,,,,,,,,,,,,,,,,,,,,,,,,,,0.4000000059604645,,,,,,,0,0,0.0,0.0,,,,,,,
-86.4,29.6,0,-1,4,2020,105,0,0.0,25.06944754078159,,,,,,,,,,,,,,,,,,,,,,,,,,,,,,,,,,0.28999999165534973,,,,,,,0,0,0.0,0.0,,,,,,,
-86.4,29.7,0,-1,4,2020,105,0,0.0,21.959610652286162,,,,,,,,,,,,,,,,,,,,,,,,,,,,,,,,,,0.3199999928474426,,,,,,,0,0,0.0,0.0,-1.0,,,,,,
-86.4,29.8,0,-1,4,2020,105,0,0.0,18.81600382653022,,,,,,,,,,,,,,,,,,,,,,,,,,,,,,,,,,0.25,,,,,,,0,0,0.0,0.0,-1.0,,,,,,
-86.4,29.9,0,-1,4,2020,105,0,0.0,15.63883627384084,,,,,,,,,,,,,,,,,,,,,,,,,,,,,,,,,,0.33000001311302185,,,,,,,0,0,0.0,0.0,-1.0,,,,,,
-86.4,30.0,0,-1,4,2020,105,0,0.0,12.459394046260837,,,,,,,,,,,,,,,,,,,,,,,,,,,,,,,,,,0.33000001311302185,,,,,,,0,0,0.0,0.0,-0.9534883720930233,,,,,,
-86.4,30.1,0,-1,4,2020,105,0,0.0,9.185341583196566,,,,,,,,,,,,,,,,,,,,,,,,,,,,,,,,,,0.30000001192092896,,,,,,,0,0,0.0,0.0,-1.0,,,,,,
-86.4,30.2,0,-1,4,2020,105,0,0.0,5.916924876994806,,,,,,,,,,,,,,,,,,,,,,,,,,,,,,,,,,0.2800000011920929,,,,,,,0,0,0.0,0.0,,,,,,,
-86.4,30.3,0,-1,4,2020,105,0,0.0,2.6427258654654286,,,,,,,,,,,,,,,,,,,,,,,,,,,,,,,,,,0.3799999952316284,,,,,0.0,,0,0,0.0,0.0,,,,,,,
-86.4,30.4,0,-1,4,2020,105,0,0.0,0.06,0,0,0,0,0,0,0,,,14.699999809265137,16.29999977350235,28.499999403953552,146.20000088214874,273.50000232458115,685.7000054419041,1269.900011241436,0.7400000095367432,0.8686666488647461,0.6288889050483704,30.714284896850586,32.233333587646484,23.344444274902344,14.350000381469727,16.50111198425293,299.28570556640625,299.2933349609375,294.4155578613281,48.93333435058594,50.5099983215332,-2.9700000286102295,-2.369999885559082,-2.2100000381469727,-2.6700000762939453,3.309999942779541,0.30163951017103524,0.001954230529634419,0.0352678529077875,0.0,0.01931162527160371,0.0,0,0,5.500888702371099,9.178784830773415,0.11334867663981588,0.19801610708236694,0.15030182898044586,,,17.8,41.2
-86.4,30.5,0,-1,4,2020,105,30,0.0,0.042426406871192854,0,0,1,0,0,0,0,0.5690000000000001,0.38130000000000003,18.000000298023224,19.300000250339508,40.80000030994415,171.90000355243683,311.3000010550022,722.8000056445599,1412.0000039935112,0.7914285659790039,0.8706666827201843,0.628333330154419,28.285715103149414,29.600000381469727,21.83333396911621,15.176666259765625,17.144445419311523,299.70001220703125,299.64666748046875,294.6422119140625,46.400001525878906,48.25,-2.0999999046325684,-1.6299999952316284,-2.0199999809265137,-2.5799999237060547,1.1100000143051147,0.0489779396883222,0.5279964838389397,0.20755468705534158,0.0,0.10972581825025117,0.0,7,98,18.44402411665735,80.75038492767167,0.15085714285714286,0.17250341176986694,0.11007966101169586,296.75,289.0,31.700000000000003,42.1
-86.4,30.6,0,-1,4,2020,105,50,0.0,0.08485281374238571,0,1,0,0,0,0,0,0.6593,0.3655,20.400000154972076,21.600000202655792,50.700000405311584,158.0000038743019,272.5000039637089,721.7000044584274,1548.5000075101852,0.8871428966522217,0.95333331823349,0.6828888654708862,27.14285659790039,28.600000381469727,21.0222225189209,15.479999542236328,17.275554656982422,300.0714416503906,300.4033203125,295.1333312988281,42.83333206176758,45.66444396972656,-1.309999942779541,-0.7300000190734863,-0.6700000166893005,-1.4900000095367432,0.47999998927116394,0.026163967611336037,0.5523219598878151,0.23709381116349384,0.0,0.10230454610989281,0.0,11,0,17.928393735435264,61.69635891119993,0.06039755351681957,0.15321630239486694,0.08218659460544586,295.67333333333335,288.16,25.400000000000002,44.900000000000006
-86.4,30.7,0,-1,4,2020,105,43,0.0,0.06,0,0,0,0,1,0,0,0.7049000000000001,0.3521,39.799999713897705,42.09999978542328,66.39999949932098,198.5000006556511,330.60000187158585,777.4000028967857,1608.0000059902668,0.9928571581840515,1.0729999542236328,0.7635555267333984,25.85714340209961,29.366666793823242,21.322221755981445,15.076666831970215,17.057777404785156,300.5714416503906,301.02667236328125,295.6533203125,39.87333297729492,43.35444259643555,-0.6299999952316284,0.8299999833106995,-1.0,-1.850000023841858,0.5099999904632568,0.05727875322572484,0.44239726049054423,0.21240051729426015,0.0199550371370482,0.1445908258755696,0.005644072459139762,21,100,16.90177600579921,56.04388617886176,0.1764159702878366,0.19227880239486694,0.16037262976169586,295.515,287.88,32.1,44.900000000000006
-86.4,30.8,0,-1,4,2020,105,39,0.05269910395145416,0.1341640786499874,0,0,0,0,1,0,0,0.8350000000000001,0.5770000000000001,83.5,86.39999997615814,103.29999959468842,221.79999992251396,400.70000272989273,872.7000013887882,1513.20000359416,1.1242856979370117,1.187666654586792,0.8254444599151611,27.0,33.16666793823242,23.511110305786133,14.029999732971191,16.25,300.77142333984375,301.1866760253906,295.5511169433594,37.13666534423828,41.72888946533203,-1.1799999475479126,-0.6499999761581421,-1.4600000381469727,-2.5299999713897705,0.6200000047683716,0.00901174564601053,0.5347989401594817,0.29186717845918414,0.010832379519024639,0.16367468922655423,0.047888855865483713,25,98,19.850930663781067,74.83287628958074,0.34535542042356887,0.19215673208236694,0.15457428991794586,295.2,287.59000000000003,34.800000000000004,47.6
-86.4,30.9,0,-1,4,2020,105,66,0.005108484532684088,0.18248287590894657,1,0,0,0,0,0,0,0.8882,0.5869,41.90000009536743,52.09999990463257,72.09999990463257,192.99999922513962,374.100002348423,837.4999968409538,1398.7999970912933,1.085714340209961,1.1706666946411133,0.7973333597183228,27.285715103149414,32.900001525878906,22.955554962158203,14.043333053588867,16.41111183166504,300.5571594238281,300.9666748046875,295.1600036621094,37.2066650390625,42.33777618408203,-1.4800000190734863,-0.9599999785423279,-2.0199999809265137,-3.319999933242798,0.3700000047683716,0.0,0.6457377551956043,0.1220733723919223,0.04273152964015722,0.10293114132153022,0.07759653721263327,12,0,18.27126904872791,62.38167779971332,0.3384554767533491,0.20314306020736694,0.16488923132419586,294.27,289.91,34.6,52.400000000000006
-86.4,31.0,0,-1,4,2020,105,91,6.68381224386394E-4,0.18248287590894657,1,0,0,0,0,0,0,0.8361000000000001,0.3093,34.09999990463257,48.69999969005585,65.4999989271164,201.39999970793724,344.9000020325184,909.999999165535,1429.1999987661839,1.0771428346633911,1.1610000133514404,0.7804444432258606,28.14285659790039,32.83333206176758,22.288888931274414,14.043333053588867,16.608888626098633,300.471435546875,300.9266662597656,295.11334228515625,37.563331604003906,42.94111251831055,1.0199999809265137,1.7899999618530273,-1.2999999523162842,-3.440000057220459,0.4099999964237213,0.0,0.5490554405046075,0.08067407559637664,0.06383167080323122,0.08473087907540927,0.23403575888834424,18,99,17.12013697586045,43.23691084979183,0.25547445255474455,0.46278661489486694,0.8144253492355347,298.97,289.36,23.900000000000002,47.1
-86.4,31.1,0,-1,4,2020,105,61,0.052886415272951126,0.1341640786499874,0,0,0,0,1,0,0,0.7742,0.5342,39.999999046325684,67.19999906420708,86.49999901652336,219.99999722838402,344.1999953687191,944.4999943971634,1447.299994111061,1.1442856788635254,1.250666618347168,0.8493333458900452,28.714284896850586,36.33333206176758,24.83333396911621,12.953332901000977,15.651110649108887,300.6714172363281,301.01666259765625,295.2099914550781,36.356666564941406,41.67333221435547,0.8700000047683716,1.6399999856948853,-1.5,-3.4700000286102295,0.3199999928474426,0.017415076190958334,0.4670287804585021,0.3260573332785315,0.012093293833842889,0.27054504363009696,0.05988788805245804,25,100,18.438220365580477,60.92152534139361,0.1910974673829624,0.44398778676986694,0.7968472242355347,300.66,289.41,36.300000000000004,53.0
-86.4,31.2,0,-1,4,2020,105,84,0.0015029916539788246,0.0670820393249937,1,0,0,0,0,0,0,0.6871,0.43710000000000004,39.90000128746033,54.300001323223114,70.40000092983246,202.10000011324883,331.9999988973141,878.6999912559986,1452.5999930500984,1.1614285707473755,1.2653332948684692,0.8614444732666016,30.285715103149414,36.599998474121094,24.244443893432617,12.826666831970215,15.64555549621582,300.79998779296875,301.1700134277344,295.3133239746094,36.15999984741211,41.36333465576172,-1.2200000286102295,-0.6700000166893005,-1.7899999618530273,-2.940000057220459,0.33000001311302185,0.056660090049071715,0.6597280404177086,0.07700989892411246,0.006860640473984893,0.11164773043410528,0.0593050202815708,14,85,18.144113848478206,71.93476696131796,0.16815314335436155,0.44935888051986694,0.8049038648605347,300.072,289.22,31.400000000000002,51.6
-86.4,31.3,0,-1,4,2020,105,97,0.34623846411705017,0.12727922061357855,1,0,0,0,0,0,0,0.8292,0.5835,16.399999856948853,28.199999690055847,43.29999998211861,163.00000029802322,298.59999746084213,863.699992954731,1435.699989080429,1.2385714054107666,1.3606666326522827,0.9396666884422302,37.28571319580078,40.46666717529297,27.133333206176758,11.963333129882812,14.733333587646484,301.3857116699219,301.8066711425781,295.86444091796875,35.029998779296875,40.052223205566406,-1.5,-0.8799999952316284,-2.140000104904175,-2.9100000858306885,8.489999771118164,0.06313604374462055,0.44560196529123636,0.04377958133226256,0.006083044304417793,0.10618639142593984,0.25132394740253367,26,100,17.81961673973877,46.56496986475496,0.14964983413195723,0.21473973989486694,0.21780671179294586,300.85200000000003,289.2133333333333,22.0,48.800000000000004
-86.4,31.4,0,-1,4,2020,105,91,0.11090563982725143,0.0670820393249937,0,1,0,0,0,0,0,0.7783,0.5184,21.699999570846558,32.99999940395355,56.09999942779541,183.5999963581562,324.9999969303608,850.100000411272,1455.2000016868114,1.104285717010498,1.222000002861023,0.8415555357933044,34.71428680419922,36.93333435058594,24.399999618530273,12.546667098999023,15.44777774810791,300.3857116699219,300.85333251953125,295.0744323730469,37.77000045776367,42.599998474121094,-1.340000033378601,-0.7599999904632568,-2.190000057220459,-2.8299999237060547,0.44999998807907104,0.09675623703253886,0.5427101840552861,0.037585594243767353,0.10636764268868673,0.0337365022378884,0.17729310377531474,23,94,17.86948412300369,55.597838192647245,0.21460843373493976,0.21473973989486694,0.21780671179294586,301.08,289.34000000000003,29.6,51.6
-86.4,31.5,0,-1,4,2020,105,99,0.013248167932033539,0.15297058540778355,1,0,0,0,0,0,0,0.8623000000000001,0.6371,35.49999934434891,50.299999713897705,80.69999998807907,204.10000222921371,349.20000076293945,822.4000045657158,1467.6000013053417,1.1200000047683716,1.2723333835601807,0.88355553150177,35.71428680419922,38.33333206176758,26.5222225189209,12.40666675567627,14.852222442626953,300.5,300.989990234375,295.1111145019531,36.813331604003906,41.48444366455078,-0.6399999856948853,0.949999988079071,-1.4500000476837158,-1.9700000286102295,0.3100000023841858,0.0025804493017607764,0.8383103293479426,0.013726519179823088,0.003995928199745828,0.12991958517502455,0.06397278722314602,22,100,20.71524650391086,79.33532634837546,0.32922374429223744,0.28737157583236694,0.29965487122535706,299.11,288.7133333333333,39.800000000000004,55.6
-86.4,31.6,0,-1,4,2020,105,74,0.0,0.042426406871192854,0,0,0,0,1,0,0,0.8347,0.5877,41.90000095963478,53.800000578165054,82.20000049471855,217.89999935030937,377.79999896883965,828.1000004708767,1511.4999968707561,1.058571457862854,1.2203333377838135,0.848111093044281,35.0,37.29999923706055,25.64444351196289,12.626667022705078,15.155555725097656,300.028564453125,300.5899963378906,294.8077697753906,37.73666763305664,41.9566650390625,-0.6100000143051147,0.9800000190734863,-1.4500000476837158,-2.140000104904175,0.30000001192092896,0.04279860373349521,0.41424385062576474,0.33306989786079877,0.0021970518409397703,0.1344192017026459,0.027281377535698162,21,85,20.532732823276664,78.4232244625135,0.27265625,0.28737157583236694,0.29294100403785706,298.156,288.87333333333333,35.7,50.6
-86.4,31.7,0,-1,4,2020,105,98,0.011129967868328094,0.09486832980505139,0,0,1,0,0,0,0,0.7537,0.48960000000000004,35.10000005364418,44.60000044107437,76.10000020265579,221.10000032186508,373.9000014960766,809.4000020623207,1468.100000679493,0.9857142567634583,1.1616666316986084,0.8172222375869751,35.0,36.36666488647461,24.811111450195312,12.883333206176758,15.417778015136719,299.4428405761719,300.22332763671875,294.6766662597656,39.27333450317383,42.81111145019531,-0.550000011920929,0.8600000143051147,-1.4800000190734863,-2.190000057220459,0.4300000071525574,0.10610737236249557,0.5186708480598883,0.13850759668944942,0.0036987626532457444,0.05521826737500555,0.19186461896422008,14,99,18.9804630383995,64.92033571083824,0.16422985379122748,0.29835790395736694,0.32614412903785706,298.536,287.99333333333334,25.8,49.900000000000006
-86.4,31.8,0,-1,4,2020,105,131,0.02729196660220623,0.12727922061357855,1,0,0,0,0,0,0,0.8107000000000001,0.5017,45.49999922513962,54.79999923706055,103.19999933242798,290.19999772310257,447.9999958574772,870.6999945342541,1565.0999969542027,0.9085714221000671,1.1106666326522827,0.7942222356796265,35.0,35.29999923706055,24.122222900390625,12.923333168029785,15.428889274597168,298.74285888671875,299.73333740234375,294.40887451171875,40.78666687011719,43.641109466552734,1.0,1.399999976158142,-1.3600000143051147,-1.909999966621399,0.33000001311302185,0.02235710672736469,0.6026875891042319,0.025693630015521128,0.0,0.05445352770292691,0.22221449502596868,26,100,20.349390123969062,60.26525555618063,0.25463145447378793,0.20711034536361694,0.20273102819919586,297.156,288.0266666666667,30.0,51.1
-86.4,31.9,0,-1,4,2020,105,146,0.17359165847301483,0.09486832980505139,1,0,0,0,0,0,0,0.7268,0.5435,38.400001525878906,41.300001442432404,94.00000256299973,360.60000333189964,528.7000010311604,953.4999992549419,1599.2000002264977,0.800000011920929,1.0393333435058594,0.762333333492279,35.28571319580078,33.93333435058594,23.5222225189209,13.08666706085205,15.505555152893066,297.8428649902344,299.17333984375,294.1755676269531,43.209999084472656,45.112220764160156,1.6799999475479126,2.009999990463257,-1.1699999570846558,-1.8799999952316284,0.7900000214576721,0.031022267206477726,0.6891084914756468,0.022100408119394673,0.0,0.05745153452918249,0.10583601250596682,22,73,20.671233538721758,73.98675300004012,0.22266816503451597,0.31337255239486694,0.31625643372535706,296.148,287.62,32.7,51.300000000000004
-86.4,32.0,0,-1,4,2020,105,133,0.0018945953343063593,0.09486832980505139,1,0,0,0,0,0,0,0.8601000000000001,0.6003000000000001,44.499998450279236,45.099998474121094,76.99999877810478,333.5999938249588,497.39999359846115,932.6999945044518,1626.1999903321266,0.8357142806053162,1.0743333101272583,0.7793333530426025,35.0,33.66666793823242,22.133333206176758,13.053333282470703,15.739999771118164,298.25714111328125,299.6000061035156,294.4366760253906,42.150001525878906,44.321109771728516,1.7999999523162842,2.2899999618530273,-0.8199999928474426,-1.5199999809265137,0.4300000071525574,0.0385451970256462,0.8038090120276274,0.029944208247064223,0.0388993377692782,0.05279133701371345,0.04725071517756952,18,99,21.597085135534478,80.05565949985568,0.36384250669964957,0.31141942739486694,0.31491366028785706,295.26,287.53000000000003,55.6,60.1
-86.4,32.1,0,-1,4,2020,105,81,0.04084978252649307,0.15297058540778355,0,0,0,1,0,0,0,0.7532,0.5738,71.10000002384186,73.60000002384186,106.90000092983246,348.5999976992607,489.39999866485596,902.0999988615513,1519.6000026762486,0.9085714221000671,1.1086666584014893,0.7877777814865112,32.85714340209961,32.5,21.677778244018555,13.510000228881836,16.059999465942383,298.6714172363281,299.8166809082031,294.3033447265625,39.68000030517578,42.454444885253906,1.6699999570846558,2.119999885559082,-0.9300000071525574,-1.6299999952316284,0.5899999737739563,0.0,0.1781635536617977,0.1088250448064079,0.019518840817926358,0.16721629996070564,0.6291451854052807,15,0,14.840990760445019,25.442036240532044,0.1625776905462872,0.30299657583236694,0.31881991028785706,296.2266666666667,287.4066666666667,19.700000000000003,46.1
-86.4,32.2,0,-1,4,2020,105,62,0.002914420096203685,0.22847319317591727,0,0,0,1,0,0,0,0.7479,0.5001,49.70000076293945,52.00000071525574,74.9000004529953,335.00000074505806,486.4000019431114,926.3000003695488,1500.0000006258488,0.9528571367263794,1.159999966621399,0.8259999752044678,34.85714340209961,34.766666412353516,23.122222900390625,12.943333625793457,15.625555992126465,298.971435546875,300.1099853515625,294.51666259765625,38.93333435058594,41.817779541015625,1.3300000429153442,1.840000033378601,-1.6799999475479126,-2.5299999713897705,0.8600000143051147,0.0,0.07205307809991028,0.234309213437686,0.03465944292018057,0.22816967649602266,0.5794496213222748,5,0,15.646535777063361,32.70233574072692,0.24764380890477738,0.37806981801986694,0.40256014466285706,297.60333333333335,287.24666666666667,20.6,45.400000000000006
-86.4,32.3,0,-1,4,2020,105,62,0.21970979869365692,0.0,0,0,0,0,0,0,1,0.5218,0.3402,46.09999918937683,47.99999916553497,67.5999995470047,314.49999901652336,472.4999981224537,904.5000002682209,1499.699998319149,0.9557142853736877,1.1619999408721924,0.8271111249923706,35.42856979370117,35.400001525878906,23.244443893432617,12.783333778381348,15.567777633666992,298.8428649902344,300.00665283203125,294.4422302246094,39.05666732788086,41.82777786254883,1.3300000429153442,1.9299999475479126,-1.0399999618530273,-1.7300000190734863,6.829999923706055,0.747647475462916,0.06698212208567242,0.07082890810701466,0.0,0.17024701359621577,0.4056889445203057,6,0,11.30916582138722,15.535183389454852,0.03360612920076615,0.33668798208236694,0.35324373841285706,298.2133333333333,287.2866666666667,14.700000000000001,43.6
-86.4,32.4,0,-1,4,2020,105,53,0.0,0.0,0,0,0,0,0,0,1,0.5169,0.2912,28.999999523162842,30.699999570846558,50.79999938607216,297.8000002503395,457.60000360012054,940.0000095963478,1608.0000094175339,0.895714282989502,1.062333345413208,0.7546666860580444,31.571428298950195,30.933332443237305,19.922222137451172,13.91333293914795,16.474445343017578,298.528564453125,299.67333984375,294.09332275390625,40.81999969482422,43.565555572509766,2.859999895095825,3.5299999713897705,1.5800000429153442,1.2999999523162842,9.739999771118164,0.5980461631909291,0.19087926467706356,0.20040584364273123,0.11168602115191326,0.2292876323015538,0.22345106170466994,8,0,16.21178099440777,33.611840967330764,0.20543862916744274,0.22859472036361694,0.28415194153785706,295.632,285.584,20.5,46.7
-86.4,32.5,0,-1,4,2020,105,114,0.308228462934494,0.03,1,0,0,0,0,0,0,0.7614000000000001,0.5364,26.499999433755875,28.599999338388443,54.399998873472214,308.5000024139881,471.30000191926956,981.3000001013279,1585.6999978721142,0.8571428656578064,1.0366666316986084,0.7493333220481873,30.14285659790039,30.33333396911621,19.577777862548828,14.143333435058594,16.44444465637207,298.028564453125,299.26666259765625,293.7510986328125,40.63333511352539,42.82666778564453,2.7699999809265137,3.2699999809265137,1.0199999809265137,0.7900000214576721,11.380000114440918,0.37915339098771056,0.3391459085981231,0.05124801269347594,0.0048359109054532,0.03884517302531473,0.15165479814022872,22,64,19.90182411087338,42.549477539932056,0.10124147578247945,0.22328466176986694,0.21731843054294586,297.96,286.105,16.400000000000002,44.800000000000004
-86.4,32.6,0,-1,4,2020,105,101,0.09334616363048553,0.03,1,0,0,0,0,0,0,0.8739,0.5151,47.20000076293945,54.000000953674316,73.40000075101852,323.6000027656555,519.500002771616,1085.600004941225,1581.9000053405762,0.8057142496109009,0.9906666874885559,0.7105555534362793,27.14285659790039,28.66666603088379,18.344444274902344,14.546667098999023,16.83222198486328,297.528564453125,298.89666748046875,293.381103515625,41.5,43.36666488647461,2.5799999237060547,3.0899999141693115,-0.9599999785423279,-2.130000114440918,1.1200000047683716,0.10406759081250634,0.42477551652533363,0.15473477605383174,0.04967556172228839,0.09530313404201317,0.14624849475178012,26,100,19.229049634578075,60.23502096149403,0.2674007078254031,0.22120946645736694,0.18283356726169586,295.18,284.77500000000003,22.5,48.1
-86.4,32.7,0,-1,4,2020,105,146,0.057312801480293274,0.10816653826391967,1,0,0,0,0,0,0,0.8086,0.6171,78.29999923706055,83.99999904632568,109.19999897480011,388.599999666214,603.3999980688095,1172.8000010252,1667.1000024974346,0.7942857146263123,0.9836666584014893,0.7045555710792542,25.714284896850586,26.766666412353516,17.866666793823242,14.829999923706055,16.994443893432617,297.1714172363281,298.6600036621094,293.1344299316406,41.75,43.56444549560547,3.630000114440918,4.090000152587891,1.4600000381469727,0.8399999737739563,0.6299999952316284,0.04933960831941703,0.6093722839055502,0.017285027544160732,0.056820300820793854,0.0285157047995259,0.21307454780484258,22,96,19.495966259384993,55.901298549740616,0.2857640097459102,0.23530858755111694,0.23654450476169586,294.16,284.6,25.5,48.7
-86.4,32.8,0,-1,4,2020,105,160,0.009134185500442982,0.17492855684535902,1,0,0,0,0,0,0,0.794,0.5098,92.79999923706055,98.09999942779541,130.79999947547913,404.1999951004982,621.7999932467937,1186.799995481968,1666.6999947428703,0.7657142877578735,0.9456666707992554,0.679444432258606,24.428571701049805,25.0,16.9777774810791,15.206666946411133,17.219999313354492,297.028564453125,298.5033264160156,293.0855712890625,42.84000015258789,44.442222595214844,3.25,3.5399999618530273,-0.8299999833106995,0.6000000238418579,0.4000000059604645,0.0,0.8117116462233297,0.0,0.0,0.0014183350011200038,0.003919052600639061,19,89,20.753646829163944,87.39513247024354,0.2573749465583583,0.23665136098861694,0.23855866491794586,293.1,285.13,31.8,48.0
-86.4,32.9,0,-1,4,2020,105,156,0.0,0.06,1,0,0,0,0,0,0,0.7564000000000001,0.4274,45.299998462200165,48.39999836683273,119.69999998807907,379.89999771118164,628.4999957382679,1129.0999968647957,1525.3000012934208,0.7157142758369446,0.8949999809265137,0.6372222304344177,23.14285659790039,21.733333587646484,15.699999809265137,15.726666450500488,17.577777862548828,296.1714172363281,297.7799987792969,292.39111328125,44.29666519165039,45.78888702392578,3.109999895095825,3.2300000190734863,-1.7999999523162842,-2.6600000858306885,0.3499999940395355,0.038708698072155046,0.898111979166667,0.008267597087378644,0.0,0.0024498166809003782,0.0,19,0,20.77406414278445,60.307411798329625,0.21766233766233767,0.25429052114486694,0.26974764466285706,294.31,284.62,26.1,47.0
-86.4,33.0,0,-1,4,2020,105,203,0.0022216588258743286,0.15,1,0,0,0,0,0,0,0.777,0.4828,42.5000017285347,45.80000168085098,135.70000261068344,401.6999971270561,681.0999945104122,1195.2999973893166,1667.4000028669834,0.6899999976158142,0.8786666393280029,0.6247777938842773,23.285715103149414,21.399999618530273,15.355555534362793,15.789999961853027,17.598888397216797,295.5714416503906,297.29998779296875,291.8999938964844,44.599998474121094,45.962223052978516,4.03000020980835,4.130000114440918,-1.059999942779541,-2.0199999809265137,0.3400000035762787,0.0019731849228434096,0.5156198151220668,0.006447025361460061,0.0,0.0038149238607939626,0.037522319665007506,22,100,17.961638500149494,90.24950638462084,0.23276240667545015,0.25429052114486694,0.26974764466285706,294.24,281.2733333333333,27.200000000000003,47.1
-86.4,33.1,0,-1,4,2020,105,189,0.10538758337497711,0.12369316876852982,1,0,0,0,0,0,0,0.8191,0.43970000000000004,45.999998569488525,49.999998569488525,121.89999902248383,391.7999988794327,679.5000028014183,1264.1999983787537,1841.900002926588,0.7057142853736877,0.8963333368301392,0.6408888697624207,24.85714340209961,22.899999618530273,15.922222137451172,15.369999885559082,17.414443969726562,295.6856994628906,297.50665283203125,292.1611022949219,44.36666488647461,45.545555114746094,4.429999828338623,4.679999828338623,1.5,0.9100000262260437,0.5400000214576721,0.01871049304677623,0.6468256978155337,0.012894417475728153,0.03156287924757281,0.02201292046235374,0.25397893911812297,24,100,20.64110672355481,62.45524849041715,0.26093630084420566,0.25783056020736694,0.27072420716285706,291.86,281.24666666666667,28.900000000000002,49.5
-86.4,33.2,0,-1,4,2020,105,153,0.09012886881828308,0.1341640786499874,0,0,0,0,1,0,0,0.8635,0.5118,46.90000155568123,51.100001364946365,118.80000129342079,411.6999999284744,696.1000004708767,1263.600000411272,1780.3000012934208,0.7085714340209961,0.8856666684150696,0.6391111016273499,27.714284896850586,24.066667556762695,16.4777774810791,15.050000190734863,17.18000030517578,295.6285705566406,297.29998779296875,291.99444580078125,44.76333236694336,45.78333282470703,3.9600000381469727,4.119999885559082,-0.550000011920929,-1.8300000429153442,0.7599999904632568,0.025246648115355423,0.6509271782685088,0.05258118340053849,0.0,0.026452688371566245,0.15233659036037975,23,98,20.568900704998498,64.93913956205378,0.25889101338432124,0.30128759145736694,0.34982576966285706,292.445,282.3266666666667,18.3,47.6
-86.4,33.3,0,-1,4,2020,105,144,0.06016802415251732,0.0670820393249937,0,0,0,1,0,0,0,0.8112,0.6076,45.100000858306885,50.000000953674316,105.80000162124634,381.2000043988228,658.6000065803528,1224.60000872612,1731.5000059604645,0.7628571391105652,1.0130000114440918,0.734333336353302,29.14285659790039,26.600000381469727,18.100000381469727,14.466666221618652,16.71666717529297,296.1428527832031,298.489990234375,293.1499938964844,41.31999969482422,42.52555465698242,3.569999933242798,3.9000000953674316,-0.7200000286102295,-1.9299999475479126,0.7400000095367432,0.08020227560050566,0.505130757683495,0.10559532274630638,0.0178841747649522,0.1049868925645323,0.25689183850833525,5,0,20.36422903322645,61.54359364751558,0.24133355448664787,0.31630223989486694,0.35373201966285706,294.25333333333333,284.415,,
-86.4,33.4,0,-1,4,2020,105,141,0.22170186042785645,0.09,1,0,0,0,0,0,0,0.7459,0.44620000000000004,27.799999713897705,35.90000009536743,76.09999978542328,311.20000049471855,598.6999999284744,1107.300002336502,1540.8000026345253,0.758571445941925,0.9536666870117188,0.6814444661140442,28.0,25.433332443237305,17.58888816833496,14.949999809265137,17.028888702392578,295.9142761230469,297.86334228515625,292.46331787109375,42.81666564941406,44.21666717529297,3.2799999713897705,3.630000114440918,-0.9100000262260437,-2.1600000858306885,1.440000057220459,0.14837110481586405,0.4116182284145096,0.07893481139260107,0.03948478595422356,0.0616510972885166,0.3099911202682248,26,100,19.097256150122693,54.90626882951153,0.20990035358405656,0.44264501333236694,0.47922030091285706,294.5866666666667,281.2733333333333,25.3,46.800000000000004
-86.4,33.5,0,-1,4,2020,105,193,0.0,0.5515432893255071,1,0,0,0,0,0,0,0.8290000000000001,0.4116,56.499998569488525,67.49999856948853,155.29999911785126,380.49999991059303,609.3999999463558,1177.4999976456165,1704.399994045496,0.7085714340209961,0.8866666555404663,0.6325555443763733,25.14285659790039,22.0,15.644444465637207,15.706666946411133,17.504444122314453,295.028564453125,296.9633483886719,291.586669921875,44.323333740234375,45.445556640625,3.5999999046325684,3.940000057220459,1.5,0.8999999761581421,0.5299999713897705,0.0,0.8943095853530597,0.08544785787867107,0.0,0.05607997326539806,0.007201496546188802,23,0,23.73137360150717,62.172332686839425,0.28946015424164523,0.33864110708236694,0.36142244935035706,291.76,287.3,23.400000000000002,47.5
-86.4,33.6,0,-1,4,2020,105,220,0.4311014413833618,0.09486832980505139,0,0,1,0,0,0,0,0.8215,0.49760000000000004,62.09999918937683,72.8999993801117,158.19999986886978,387.50000113248825,608.4000071287155,1197.0000031590462,1797.3000028133392,0.6371428966522217,0.812666654586792,0.5774444341659546,24.285715103149414,20.633333206176758,14.333333015441895,15.833333015441895,17.731111526489258,294.1428527832031,295.989990234375,290.6199951171875,46.56666564941406,47.56111145019531,3.990000009536743,4.119999885559082,2.130000114440918,1.1799999475479126,2.0199999809265137,0.04825493171471925,0.8442634865261135,0.019591485919409467,0.0,0.032785492887039455,0.0434046210627433,23,10,24.120685361758895,85.6154015782759,0.2916328188464663,0.32228368520736694,0.34323397278785706,292.27,280.76,32.0,48.400000000000006
